1.6077626931651008e+24
1.6078185162191637e+24
1.6078743393391328e+24
1.6079302304430508e+24
1.6079860610904462e+24
1.6080418976866435e+24
1.6080977603335535e+24
1.6081535908246336e+24
1.6082093694871654e+24
1.6082652562823708e+24
1.6083211771329306e+24
1.6083770991219345e+24
1.6084329755334378e+24
1.608488802657557e+24
1.6085445840218884e+24
1.6086002791610768e+24
1.6086559976625723e+24
1.6087117035011298e+24
1.608767428699252e+24
1.608823107712417e+24
1.6088788260937184e+24
1.6089346069517671e+24
1.6089904919801277e+24
1.6090463641525147e+24
1.6091022378845186e+24
1.6091581024670811e+24
1.6092139961610805e+24
1.609269799414917e+24
1.60932557817159e+24
1.609381381035895e+24
1.6094371109229315e+24
1.609492816248262e+24
1.6095485796569854e+24
1.6096043504844052e+24
1.6096601117051806e+24
1.6097158816816752e+24
1.609771669091708e+24
1.6098274373029844e+24
1.609883204240246e+24
1.609939086353152e+24
1.609994215986029e+24
1.6100478694555114e+24
1.6101006290402823e+24
1.6101526928674915e+24
1.6102042561855382e+24
1.610255545391014e+24
1.6103067078151676e+24
1.6103576782691715e+24
1.6104086603591835e+24
1.6104595291498542e+24
1.61051038750576e+24
1.6105610067816675e+24
1.6106116026040285e+24
1.6106621516120316e+24
1.6107122167672484e+24
1.6107584656527353e+24
1.6107999810669546e+24
1.6108379876134202e+24
1.6108736757200866e+24
1.6109074910965747e+24
1.6109402421080227e+24
1.6109721446004118e+24
1.6110035471123668e+24
1.6110344563317853e+24
1.6110647973239463e+24
1.6110946719478834e+24
1.61112312108685e+24
1.61115097692832e+24
1.6111783763866244e+24
1.6112053871201198e+24
1.6112320533725238e+24
1.611258407536156e+24
1.6112844748002366e+24
1.6113102755303566e+24
1.6113358266554188e+24
1.6113611425451783e+24
1.6113862355991788e+24
1.6114111166602795e+24
1.6114357953155143e+24
1.6114602801214092e+24
1.611484578776732e+24
1.6115086982575677e+24
1.6115326449246953e+24
1.6115564246101613e+24
1.611580042687912e+24
1.611603504132069e+24
1.6116268135654106e+24
1.6116499753000917e+24
1.6116729933720614e+24
1.6116958715703943e+24
1.6117186134624125e+24
1.6117412224153494e+24
1.6117637016151397e+24
1.6117860540827877e+24
1.6118082826887077e+24
1.611830390165356e+24
1.6118523791183776e+24
1.6118742520365313e+24
1.611896011300508e+24
1.611917659190849e+24
1.6119391978950449e+24
1.6119606295139326e+24
1.6119819560674882e+24
1.6120031795000783e+24
1.61202430168523e+24
1.6120453244299917e+24
1.6120662494789154e+24
1.6120870785176993e+24
1.6121078131765536e+24
1.6121284550332754e+24
1.6121490056161037e+24
1.612169466406345e+24
1.612189838840811e+24
1.6122101243140667e+24
1.6122303241805396e+24
1.6122504397564605e+24
1.6122704723216777e+24
1.6122904231213544e+24
1.61231029336754e+24
1.612330084240653e+24
1.612349796890862e+24
1.6123694324393773e+24
1.612388991979674e+24
1.6124084765786142e+24
1.6124278872775388e+24
1.612447225093261e+24
1.6124664910190218e+24
1.6124856860253883e+24
1.6125048110610886e+24
1.6125238670538168e+24
1.6125428549109833e+24
1.6125617755204311e+24
1.6125806297511095e+24
1.6125994184537115e+24
1.6126181424612872e+24
1.6126368025898137e+24
1.6126553996387542e+24
1.6126739343915611e+24
1.6126924076161905e+24
1.6127108200655624e+24
1.6127291724780184e+24
1.6127474655777466e+24
1.612765700075195e+24
1.6127838766674643e+24
1.6128019960386816e+24
1.612820058860358e+24
1.612838065791733e+24
1.6128560174801103e+24
1.6128739145611642e+24
1.6128917576592488e+24
1.61290954738769e+24
1.612927284349063e+24
1.612944969135463e+24
1.612962602328764e+24
1.6129801845008691e+24
1.6129977162139504e+24
1.6130151980206812e+24
1.6130326304644596e+24
1.6130500140796274e+24
1.6130673493916716e+24
1.6130846369174367e+24
1.613101877165309e+24
1.613119070635411e+24
1.6131362178197826e+24
1.6131533192025586e+24
1.61317037526014e+24
1.6131873864613576e+24
1.6132043532676374e+24
1.6132212761331513e+24
1.6132381555049715e+24
1.6132549918232205e+24
1.6132717855212077e+24
1.6132885370255737e+24
1.6133052467564198e+24
1.6133219151274462e+24
1.613338542546077e+24
1.613355129413578e+24
1.6133716761251863e+24
1.613388183070226e+24
1.613404650632219e+24
1.6134210791890015e+24
1.6134374691128293e+24
1.6134538207704854e+24
1.6134701345233816e+24
1.6134864107276654e+24
1.613502649734311e+24
1.6135188518892197e+24
1.6135350175333105e+24
1.613551147002617e+24
1.6135672406283706e+24
1.6135832987370933e+24
1.6135993216506782e+24
1.6136153096864744e+24
1.61363126315737e+24
1.61364718237187e+24
1.613663067634178e+24
1.613678919244264e+24
1.613694737497946e+24
1.6137105226869588e+24
1.6137262750990323e+24
1.6137419950179482e+24
1.6137576827236216e+24
1.6137733384921597e+24
1.6137889625959274e+24
1.613804555303615e+24
1.6138201168802963e+24
1.6138356475874975e+24
1.6138511476832428e+24
1.6138666174221345e+24
1.613882057055387e+24
1.6138974668308985e+24
1.6139128469933054e+24
1.6139281977840291e+24
1.6139435194413353e+24
1.6139588122003827e+24
1.6139740762932776e+24
1.6139893119491185e+24
1.6140045193940504e+24
1.614019698851307e+24
1.614034850541266e+24
1.6140499746814844e+24
1.614065071486758e+24
1.614080141169149e+24
1.614095183938045e+24
1.6141102000001925e+24
1.6141251895597359e+24
1.6141401528182739e+24
1.6141550899748844e+24
1.6141700012261687e+24
1.614184886766293e+24
1.6141997467870268e+24
1.6142145814777734e+24
1.6142293910256152e+24
1.6142441756153458e+24
1.614258935429506e+24
1.6142736706484143e+24
1.614288381450211e+24
1.614303068010881e+24
1.6143177305042937e+24
1.6143323691022313e+24
1.6143469839744267e+24
1.6143615752885827e+24
1.6143761432104146e+24
1.614390687903676e+24
1.6144052095301848e+24
1.61441970824986e+24
1.6144341842207394e+24
1.6144486375990211e+24
1.6144630685390757e+24
1.6144774771934875e+24
1.6144918637130712e+24
1.6145062282468997e+24
1.614520570942339e+24
1.6145348919450585e+24
1.6145491913990637e+24
1.614563469446723e+24
1.6145777262287885e+24
1.6145919618844164e+24
1.6146061765511928e+24
1.6146203703651637e+24
1.6146345434608421e+24
1.6146486959712413e+24
1.614662828027894e+24
1.6146769397608712e+24
