0.0
-5.399156585666373
2.271044500524804e+16
5.0838410887572696e+16
8.206385608981522e+16
1.1544959163166338e+17
1.5047848482108374e+17
1.868227303825745e+17
2.242584751937337e+17
2.626245655747166e+17
3.0180032811881344e+17
3.416925500593664e+17
3.765497790939838e+17
4.163127749716093e+17
4.571893944218923e+17
4.9879284302061754e+17
5.466613386328165e+17
5.850385066556563e+17
6.276172308099287e+17
6.709615366523263e+17
7.148006253007757e+17
7.53374591013988e+17
7.966427309475744e+17
8.408336412431973e+17
8.855805867940493e+17
9.36439668810825e+17
9.776697542730746e+17
1.0286554303680801e+18
1.0759709620190381e+18
1.1724811094088842e+18
1.3455587659421975e+18
1.6395967773772388e+18
2.0757414038799048e+18
2.632327792302153e+18
3.3102588635101184e+18
4.225862635896854e+18
5.381534608393859e+18
6.695368683643189e+18
8.240563243064336e+18
1.003239168246308e+19
1.2145704860983622e+19
1.45670156790193e+19
1.724345256334424e+19
2.0084934380188353e+19
2.3084160403853566e+19
2.618837166959061e+19
2.9350244799248187e+19
3.2682130377378583e+19
3.6138529166776214e+19
3.9805425427351536e+19
4.365659087791841e+19
4.777051665261259e+19
5.219651880637063e+19
5.692550806860925e+19
6.189307084152266e+19
6.723569251604316e+19
7.295190665236727e+19
7.897702133052208e+19
8.531174306683991e+19
9.191173539185243e+19
9.872528883363933e+19
1.0571319587812062e+20
1.1285020391305322e+20
1.200935679145027e+20
1.2746156147198452e+20
1.3497049905187334e+20
1.4279444284204224e+20
1.508525562459324e+20
1.5913976182521627e+20
1.677496834098942e+20
1.766214977705352e+20
1.8589677960646984e+20
1.9566120793571063e+20
2.0576754272283142e+20
2.1638008728434944e+20
2.2742685269911798e+20
2.389426190118403e+20
2.5089915625715407e+20
2.633808209187245e+20
2.7637336686546875e+20
2.897886868948722e+20
3.038212516377285e+20
3.1834100935440984e+20
3.3332248335466575e+20
3.4860317538593414e+20
3.641950596120233e+20
3.799867397137025e+20
3.9595987023075403e+20
4.1207760094923686e+20
4.282839886832724e+20
4.4469463517245827e+20
4.611260902725671e+20
4.778450354700507e+20
4.949317864792475e+20
5.1235153446054534e+20
5.3016878519103586e+20
5.4840658057362984e+20
5.670014333023575e+20
5.861999414556489e+20
6.058169729993701e+20
6.259739944961226e+20
6.46584491343259e+20
6.676871602480711e+20
6.89327873005006e+20
7.114066891771019e+20
7.340352949563319e+20
7.57338120632332e+20
7.812006520954594e+20
8.055770734028141e+20
8.305179396956817e+20
8.556196887163821e+20
8.80786430504728e+20
9.061577253549008e+20
9.316765424529744e+20
9.57309690854577e+20
9.832758392960031e+20
1.0094613863572291e+21
1.0360271570566329e+21
1.0628081389214558e+21
1.0896072055280163e+21
1.1164375785702857e+21
1.1433149508318573e+21
1.1702011239982888e+21
1.1972287741383588e+21
1.2242079418069193e+21
1.2513872027256357e+21
1.2786796208681486e+21
1.306081109071367e+21
1.3335931939937428e+21
1.3611478057617937e+21
1.388762634332474e+21
1.416552638146252e+21
1.444438222176398e+21
1.472305911439181e+21
1.5002620128098695e+21
1.528276363546295e+21
1.5563892157137418e+21
1.5846593346759274e+21
1.6129621855704617e+21
1.641392745805784e+21
1.6699929967212414e+21
1.6987301137373664e+21
1.727570212004763e+21
1.756434810921761e+21
1.785330289758761e+21
1.8143038514149288e+21
1.8433118905028546e+21
1.8725563280175863e+21
1.9018436980612682e+21
1.9313065201553593e+21
1.9608376996840258e+21
1.9904408588945612e+21
2.0200503533594788e+21
2.0495860762029984e+21
2.0791155399857207e+21
2.1087375721511374e+21
2.138475182508835e+21
2.168273245234499e+21
2.1982157543601458e+21
2.228306445978589e+21
2.2585349891475348e+21
2.2887473334786104e+21
2.318955123279627e+21
2.3491133835984144e+21
2.379214390913756e+21
2.409401026982737e+21
2.4395365116285986e+21
2.4697606963956694e+21
2.5002585648218285e+21
2.5308119746855767e+21
2.5615705698276774e+21
2.592456150046839e+21
2.623292212985692e+21
2.654102451745828e+21
2.684900028340593e+21
2.715747526779153e+21
2.74653876746726e+21
2.7772668199402393e+21
2.8079347613567203e+21
2.8386292019209647e+21
2.869231972767344e+21
2.899914027197024e+21
2.930709477975703e+21
2.961587021276264e+21
2.992529142120239e+21
3.0235659268115677e+21
3.054603527153746e+21
3.0857881287538445e+21
3.1171911976322686e+21
3.1487123160299277e+21
3.1802954187211465e+21
3.211951284201658e+21
3.243496607786398e+21
3.274985851603638e+21
3.306561132435705e+21
3.3382004763361925e+21
3.3698489552285136e+21
3.4015657787950964e+21
3.4333225706881983e+21
3.464925033007066e+21
3.496673704588689e+21
3.5285176038093666e+21
3.5605033840766464e+21
3.5925269919086496e+21
3.624534021435479e+21
3.6565575407318215e+21
3.68871405926301e+21
3.7208754490947734e+21
3.75295316753541e+21
3.785139046310167e+21
3.8173057389843516e+21
3.849631109661877e+21
3.8820322971974527e+21
3.9143549223645636e+21
3.946808097435016e+21
3.979299349378962e+21
4.011741752394521e+21
4.044244104171303e+21
4.076904499465606e+21
4.1095909538445693e+21
4.1423450191135737e+21
4.17500120501743e+21
4.2076912864399186e+21
4.2404914680366954e+21
4.273404590818498e+21
4.30626959410108e+21
4.339144196545629e+21
4.372127287294661e+21
4.4051406221711256e+21
4.4381105630397627e+21
4.471136688197233e+21
4.504119924616698e+21
4.5371369583281386e+21
4.5702624470074723e+21
4.603454169051444e+21
4.6366658155766046e+21
4.669851911249195e+21
4.703120973101297e+21
4.73643019713056e+21
4.769679244944473e+21
4.803015784214337e+21
4.836257330940553e+21
4.86962550020043e+21
4.903044275210581e+21
4.936532097173146e+21
4.970092155616295e+21
5.003641976288214e+21
5.037241463117805e+21
5.070910174049052e+21
5.104558388341966e+21
5.13826026542265e+21
5.171938637582805e+21
5.205546313136127e+21
5.23917402356633e+21
5.272849368827113e+21
5.306602393356083e+21
5.340354059170073e+21
5.374202644227141e+21
5.408070856865042e+21
5.441934548472111e+21
5.475803720211614e+21
5.509708845237029e+21
5.543630901917378e+21
5.57759460291042e+21
5.611588348048543e+21
5.64561247730124e+21
5.679599578070152e+21
5.71369323621559e+21
5.747779760885652e+21
5.781940469205947e+21
5.816095397208079e+21
5.85019823132143e+21
5.884380230422167e+21
5.918552306746211e+21
5.952719531294058e+21
5.986944192426239e+21
6.021122445715621e+21
6.055325386595153e+21
6.089642454103406e+21
6.123947942745197e+21
6.15823510567051e+21
6.192533609976921e+21
6.226786097709061e+21
6.26110389853264e+21
6.295553938607239e+21
6.329920605120368e+21
6.364394245949571e+21
6.398888630734732e+21
6.433352997573298e+21
6.467846925284253e+21
6.50234804930511e+21
6.536832545775142e+21
6.571360015305532e+21
6.605897352626568e+21
6.640531178724431e+21
6.675224257062425e+21
6.709932377611506e+21
6.7447924775948e+21
6.779787223902871e+21
6.814947449505499e+21
6.850222026286297e+21
6.885551491336704e+21
6.920906589577897e+21
6.956336021018547e+21
6.991858559826358e+21
7.027435979994702e+21
7.063000328048471e+21
7.098440864607493e+21
7.134002216511877e+21
7.169447131072234e+21
7.204982982706184e+21
7.240588136405127e+21
7.276214586902386e+21
7.31185048825268e+21
7.347743502393882e+21
7.383753221594884e+21
7.419855424996817e+21
7.456032819608675e+21
7.492246826938699e+21
7.528460116601228e+21
7.564715299000066e+21
7.601096944865875e+21
7.637459390171142e+21
7.673937860386146e+21
7.71039390267873e+21
7.746889379780312e+21
7.783388368634909e+21
7.819881595648667e+21
7.856569483412549e+21
7.89345610527244e+21
7.930386088928281e+21
7.967349684080089e+21
8.004477032367424e+21
8.041625827817551e+21
8.078855509193971e+21
8.11613105856816e+21
8.153613536263012e+21
8.191077899676765e+21
8.228562476469319e+21
8.266044591545732e+21
8.303550102786848e+21
8.341097829961069e+21
8.378656423534107e+21
8.416213929163175e+21
8.454019572821297e+21
8.491933570852023e+21
8.529937417124101e+21
8.568090930095925e+21
8.606261687954179e+21
8.644465875629923e+21
8.682725348679506e+21
8.720908912575062e+21
8.759127078995278e+21
8.797410809624435e+21
8.835799571887299e+21
8.874199437649583e+21
8.912641374016005e+21
8.951173980108716e+21
8.98983260063391e+21
9.028622446340971e+21
9.06756473344638e+21
9.106664185854013e+21
9.145813956729086e+21
9.184934513879575e+21
9.224094390577077e+21
9.263266087113255e+21
9.302495193162846e+21
9.341686833056611e+21
9.381098914088099e+21
9.420642664435458e+21
9.460155500001564e+21
9.49966188721519e+21
9.539241636571457e+21
9.57867389382115e+21
9.61820291213012e+21
9.65779135948078e+21
9.697411464679427e+21
9.737073442298243e+21
9.776797717670086e+21
9.81653276733756e+21
9.856214764249426e+21
9.895888852622959e+21
9.935644922337426e+21
9.975392550266383e+21
1.0015111626015178e+22
1.0054923597896755e+22
1.0094771446678225e+22
1.013461127355835e+22
1.0174571643564559e+22
1.0214513550526207e+22
1.0254543929454656e+22
1.029460973848363e+22
1.0334658444299923e+22
1.0374667087311133e+22
1.0414673610558772e+22
1.0454680708693111e+22
1.0494686858546971e+22
1.053473997027941e+22
1.057481359019516e+22
1.061502316484399e+22
1.0655288788511523e+22
1.0695513549821228e+22
1.0735763417553927e+22
1.0775978546813915e+22
1.081625352382385e+22
1.085656800362091e+22
1.089695059912757e+22
1.0937277241145315e+22
1.0977671028212645e+22
1.1018141525392967e+22
1.1058541675597445e+22
1.1098906001748989e+22
1.1139365926658474e+22
1.1179792957798548e+22
1.122015182153213e+22
1.1260470305473815e+22
1.1300858324390152e+22
1.1341253047121053e+22
1.138170852799945e+22
1.1422175552005827e+22
1.146270750645386e+22
1.150336602946216e+22
1.1543998454481447e+22
1.1584658176389832e+22
1.1625241224324024e+22
1.166586189983332e+22
1.1706523795421762e+22
1.1747174284664894e+22
1.1787891446184736e+22
1.18286540760305e+22
1.1869381254875355e+22
1.1910195454990919e+22
1.1950978817498838e+22
1.1991750946778316e+22
1.2032550537610664e+22
1.2073425753451423e+22
1.2114307114256688e+22
1.2155089463029801e+22
1.2195964249757767e+22
1.2236811688668624e+22
1.2277649503141306e+22
1.2318655715008294e+22
1.2359627341910178e+22
1.2400561451614572e+22
1.2441541965838503e+22
1.2482544900116534e+22
1.2523509619957325e+22
1.2564526759329344e+22
1.2605562777132557e+22
1.2646511408325872e+22
1.2687482491456488e+22
1.2728550006481788e+22
1.276960413754016e+22
1.2810670635080376e+22
1.2851647832340094e+22
1.2892682240136537e+22
1.293371831927711e+22
1.2974699565497383e+22
1.3015802796431766e+22
1.3056939420388168e+22
1.3098118598627126e+22
1.3139334769023874e+22
1.3180575916934694e+22
1.3221715184653859e+22
1.3262862525547202e+22
1.3303997388812588e+22
1.3345324508643661e+22
1.3386501713928414e+22
1.3427674184810339e+22
1.3468965437289632e+22
1.3510343385778255e+22
1.3551598280210498e+22
1.359295019598021e+22
1.3634330768470633e+22
1.3675649502469369e+22
1.3717012629695286e+22
1.375840643731046e+22
1.3799876893183807e+22
1.3841236751023025e+22
1.3882608825055794e+22
1.3924048508945779e+22
1.3965552438696397e+22
1.400694741695562e+22
1.404836020313622e+22
1.4089812113936926e+22
1.4131334412568472e+22
1.4172842293141281e+22
1.4214288438608326e+22
1.425583971624408e+22
1.4297402712729487e+22
1.433894561661637e+22
1.4380538778001464e+22
1.442204066637882e+22
1.4463613783529474e+22
1.450521440882255e+22
1.454694678983789e+22
1.4588533958443218e+22
1.4630116491668413e+22
1.4671677437765313e+22
1.471333150626541e+22
1.4754972422572608e+22
1.4796604212482788e+22
1.483828260043819e+22
1.48800063266064e+22
1.4921718769175981e+22
1.4963507676948313e+22
1.500524920958649e+22
1.5047125653832499e+22
1.5088891854191862e+22
1.513070458696044e+22
1.5172392009438574e+22
1.5214158949260223e+22
1.5255919745096982e+22
1.5297743417490255e+22
1.5339549004909536e+22
1.5381351723645088e+22
1.5423191761079813e+22
1.546506038513169e+22
1.550694869512119e+22
1.5548918296886532e+22
1.559082206572212e+22
1.5632803784476779e+22
1.5674706026383693e+22
1.5716655804461523e+22
1.5758603980136457e+22
1.580055980363906e+22
1.5842533126610662e+22
1.5884476709576225e+22
1.5926388149146815e+22
1.5968256123288964e+22
1.6010098442321053e+22
1.6052108646183296e+22
1.6094112092898088e+22
1.6136162369271987e+22
1.6178257876112294e+22
1.6220335216644443e+22
1.6262382800727169e+22
1.6304437283398307e+22
1.6346463314631159e+22
1.6388537659915458e+22
1.6430586759079698e+22
1.6472637801622114e+22
1.651469023980126e+22
1.6556690819284692e+22
1.6598765452876726e+22
1.6640903265363677e+22
1.66830668013558e+22
1.6725242247960087e+22
1.6767498899019065e+22
1.680968126335947e+22
1.6851826045062033e+22
1.6893972102067058e+22
1.6936086865035313e+22
1.6978216624182239e+22
1.7020414105885927e+22
1.7062491112714497e+22
1.7104760091148036e+22
1.7146969720780176e+22
1.7189148663811607e+22
1.723126920424223e+22
1.7273445123071437e+22
1.7315704821055706e+22
1.7357940088055443e+22
1.7400254008805785e+22
1.744252477970925e+22
1.748487219606627e+22
1.752729815506091e+22
1.7569692883769352e+22
1.7611989173394876e+22
1.7654295610510237e+22
1.7696559672491187e+22
1.7738800800466899e+22
1.778112304726386e+22
1.782348554171218e+22
1.7865814736445169e+22
1.7908158266240764e+22
1.7950580884817993e+22
1.799294520693044e+22
1.8035359523171805e+22
1.8077754135015259e+22
1.8120274723618131e+22
1.8162974731110621e+22
1.8205713557065994e+22
1.824863234187782e+22
1.8291635869442426e+22
1.8334570432533895e+22
1.8377598757654258e+22
1.842061811551273e+22
1.846373228546805e+22
1.8506799398549123e+22
1.854984625702246e+22
1.8592901098262942e+22
1.8636034718875169e+22
1.8679213169600927e+22
1.8722274814723172e+22
1.8765363822408958e+22
1.8808505875142803e+22
1.8851658425934734e+22
1.8894836533148414e+22
1.8937935500478803e+22
1.898108323674872e+22
1.9024223842244904e+22
1.9067366953323237e+22
1.9110515797659574e+22
1.9153686157221547e+22
1.919692613155743e+22
1.924014641743788e+22
1.9283275936963425e+22
1.932651991784471e+22
1.9369776174715885e+22
1.94130245213599e+22
1.9456284866518763e+22
1.949957009012573e+22
1.9542811110242416e+22
1.9586028700440577e+22
1.9629324428798574e+22
1.967264065723049e+22
1.9715964954766597e+22
1.9759274492256884e+22
1.9802531348296717e+22
1.9845835436735945e+22
1.988920591534775e+22
1.993255979981208e+22
1.9975915464694423e+22
2.001936642563888e+22
2.0063050559049018e+22
2.0106732926957722e+22
2.015048114491929e+22
2.019437165079892e+22
2.0238235057252184e+22
2.028212788753582e+22
2.032610032520887e+22
2.0370091338434064e+22
2.0414122990575846e+22
2.045822263910227e+22
2.0502293374376176e+22
2.0546383511455476e+22
2.0590475390849493e+22
2.063462120695826e+22
2.0678788501966734e+22
2.0722940419400098e+22
2.076712820614575e+22
2.0811356519880834e+22
2.0855570505926122e+22
2.089971687900532e+22
2.09439947469071e+22
2.0988313190289564e+22
2.10325512279016e+22
2.107686865293537e+22
2.112127558265229e+22
2.1165599626804624e+22
2.1210023544489496e+22
2.1254457178906914e+22
2.12988323145125e+22
2.1343181379479336e+22
2.138753041452984e+22
2.1431874844775605e+22
2.1476433928744704e+22
2.1520966732061916e+22
2.156550872414473e+22
2.161023156523677e+22
