Z	A	Level	YI	YI uncert
52	134	0	0.062155	0.0024862
40	100	0	0.0497641	0.0159245
54	138	0	0.0481413	0.00134796
38	95	0	0.0453728	0.000907456
38	94	0	0.0451267	0.000631774
36	90	0	0.0439695	0.000615573
54	139	0	0.0432328	0.000864656
56	143	0	0.041004	0.00164016
56	144	0	0.0397478	0.00111294
40	99	0	0.0358394	0.00824306
38	96	0	0.0356811	0.00071362
54	140	0	0.0350576	0.00098161
36	89	0	0.0343845	0.000481383
52	135	0	0.0321618	0.00192971
54	137	0	0.031942	0.00089438
36	91	0	0.0315598	0.0003156
37	92	0	0.0313173	0.00062635
37	93	0	0.0306672	0.000429341
56	142	0	0.0301423	0.00180854
52	133	1	0.0298605	0.00179163
53	135	0	0.0292737	0.000819663
55	141	0	0.0291513	0.000583025
40	101	0	0.0278782	0.00111513
53	137	0	0.0262236	0.00104895
40	98	0	0.0257356	0.011581
38	93	0	0.0256971	0.00051394
55	142	0	0.0227813	0.000637875
51	133	0	0.0225655	0.00135393
37	91	0	0.0222492	0.000311489
54	136	0	0.0219242	0.0098659
55	140	0	0.0206988	0.00057957
39	96	1	0.020195	0.00646239
39	99	0	0.0194933	0.0011696
41	101	0	0.0191624	0.000766497
57	145	0	0.0191497	0.00153197
56	145	0	0.0186621	0.00111973
40	102	0	0.0178133	0.000712534
36	88	0	0.0173221	0.00069289
38	97	0	0.0172068	0.000481791
56	141	0	0.0165949	0.00182544
36	92	0	0.016581	0.000464268
51	131	0	0.0165069	0.000660274
39	97	1	0.0157025	0.0100496
39	97	0	0.0157025	0.0100496
37	94	0	0.0156647	0.000438612
52	132	0	0.0153084	0.000918503
53	138	0	0.0142412	0.00039875
41	103	0	0.0141029	0.00324366
55	143	0	0.0140295	0.00056118
35	88	0	0.0138742	0.000277485
53	136	0	0.0131936	0.00105549
52	136	0	0.0131733	0.00105387
55	139	0	0.0130586	0.000522345
51	132	0	0.0130348	0.00078209
35	87	0	0.0127177	0.0003561
53	136	1	0.0125125	0.000750752
58	148	0	0.0123548	0.00284161
54	141	0	0.0121914	0.00034136
52	133	0	0.0114813	0.00068888
42	104	0	0.0112745	0.000676472
39	98	0	0.0110632	0.00354023
39	98	1	0.0110632	0.00354023
39	95	0	0.011054	0.00353729
40	97	0	0.0109237	0.000655425
38	92	0	0.0107518	0.000645107
57	144	0	0.0106974	0.000641847
35	89	0	0.0103927	0.000415707
42	103	0	0.0103685	0.000622109
58	147	0	0.00997971	0.00109777
56	146	0	0.00913827	0.000365531
51	132	1	0.00862766	0.00051766
34	86	0	0.00835835	0.000234034
38	98	0	0.00808091	0.000484855
41	102	1	0.0078944	0.00505242
41	102	0	0.0078944	0.00505242
53	139	0	0.00771429	0.000617144
37	95	0	0.00763687	0.00030548
57	146	1	0.00744941	0.00476762
57	146	0	0.00744941	0.00476762
34	87	0	0.00731048	0.00029242
37	90	1	0.0070662	0.00452237
58	149	0	0.00697909	0.00111665
42	105	0	0.00668015	0.00026721
42	102	0	0.00650731	0.00052059
57	147	0	0.00643265	0.00070759
34	84	0	0.00630945	0.000126189
32	86	0	0.00628666	0.00100586
50	132	0	0.00591824	0.00023673
58	146	0	0.00582932	0.000641225
39	100	0	0.00567391	0.0036313
35	90	0	0.00552553	0.00033153
50	130	1	0.00542239	0.00347033
50	130	0	0.00542239	0.00347033
53	134	0	0.00500237	0.00030014
40	103	0	0.00498868	0.00319275
56	140	0	0.0048836	0.00112323
36	93	0	0.00486312	0.000194525
36	87	0	0.00463375	0.000278025
34	85	0	0.00446688	0.00285881
34	85	1	0.00446688	0.00285881
50	131	0	0.004405	0.0028192
50	131	1	0.004405	0.0028192
54	142	0	0.00434173	0.000260504
55	144	0	0.00417681	0.000250609
41	99	1	0.00406579	0.000325263
52	137	0	0.00392386	0.000313909
58	150	0	0.00391764	0.00250729
39	94	0	0.00389833	0.000311867
57	143	0	0.00379478	0.00242866
53	134	1	0.00364183	0.00233077
59	147	0	0.00359546	0.00230109
42	106	0	0.0035919	0.000143676
51	134	1	0.00358248	0.00229279
51	134	0	0.00358248	0.00229279
51	130	1	0.00356752	0.00228321
40	96	0	0.0033705	0.000370755
57	148	0	0.00336285	0.00215223
41	100	0	0.00318902	0.00204098
41	100	1	0.00318902	0.00204098
59	149	0	0.00296816	0.000949811
33	83	0	0.00290689	0.00011628
41	104	1	0.00285216	0.00182538
41	104	0	0.00285216	0.00182538
39	101	0	0.00278002	0.000305803
39	102	0	0.00267979	0.00171507
34	88	0	0.00267874	0.000160724
38	91	0	0.00250483	0.00015029
56	147	0	0.00243638	0.00038982
55	138	0	0.00243195	0.00026751
59	151	0	0.0023856	0.00152678
35	85	0	0.00235019	0.00014101
52	131	1	0.00233331	0.000186664
50	129	0	0.00230314	0.000253345
35	86	0	0.00229736	0.000064326
35	86	1	0.00229736	0.00147031
39	96	0	0.00224388	0.00143608
35	91	0	0.00223704	0.000246075
55	138	1	0.00223374	0.000245712
59	150	0	0.00218338	0.00139736
51	130	0	0.0021451	0.00137286
37	89	0	0.00204542	8.18166E-05
50	129	1	0.00195858	0.00011752
42	101	0	0.00185841	0.000297345
54	135	1	0.00178122	0.000106873
37	96	0	0.00168422	0.000134738
50	128	1	0.0015049	0.00096314
50	128	0	0.0015049	0.000963138
51	135	0	0.00145137	0.000116109
34	83	0	0.0014292	0.000085752
60	152	0	0.00140984	0.000634428
37	90	0	0.00138623	0.000083174
41	105	0	0.00138613	0.000110891
50	133	0	0.0013772	0.00088141
53	140	0	0.00136749	0.000314523
38	99	0	0.00133158	0.00014647
33	82	0	0.0012875	0.000823999
40	95	0	0.00127244	0.00020359
32	82	0	0.00126469	5.05876E-05
32	81	0	0.00126259	5.05036E-05
33	88	0	0.00124298	0.00079551
42	107	0	0.00121442	0.000777231
33	85	0	0.00121362	0.00077672
40	105	0	0.00115837	0.000741356
41	98	0	0.00115633	0.00074005
60	153	0	0.00110947	0.000499262
59	152	0	0.00102554	0.000656344
32	80	0	0.00101818	0.000040727
58	151	0	0.00099025	0.00063376
33	84	1	0.000986965	0.000631658
33	84	0	0.000986965	0.000631658
52	131	0	0.0009699	0.00010669
57	142	0	0.00096517	0.00030886
43	104	0	0.000926325	0.000148212
48	130	0	0.00087798	0.00056191
36	86	0	0.000872228	6.97783E-05
36	94	0	0.00086815	0.000095496
50	127	0	0.000866709	5.20025E-05
58	145	0	0.00085438	0.0005468
40	104	0	0.00082787	0.00013246
53	133	1	0.000825122	0.000528078
53	133	0	0.000825122	0.000528078
43	103	0	0.000821682	0.000525876
57	149	0	0.000798754	0.000511202
60	151	0	0.00079511	0.00050887
54	135	0	0.00078513	0.000047108
55	145	0	0.000756187	6.04949E-05
51	137	0	0.000743307	0.000475717
38	90	0	0.00073713	0.000044228
42	100	0	0.000729498	0.00023344
39	92	0	0.000714829	0.000321673
56	139	0	0.000687681	0.000309457
52	138	0	0.00066182	0.00042357
51	129	0	0.000640685	0.000288308
33	81	0	0.00060905	0.000048724
55	137	0	0.000599988	6.59986E-05
60	154	0	0.00058022	0.00037134
52	130	0	0.000578719	9.25951E-05
39	93	1	0.000543342	0.000347739
39	93	0	0.00054334	0.00034774
33	87	0	0.000505324	0.000323408
34	89	0	0.000485486	5.34034E-05
43	105	0	0.00048459	0.00031014
32	83	0	0.00047886	0.00030647
50	126	0	0.0004447	0.00028461
42	99	0	0.00042814	0.000068502
49	127	0	0.000411691	0.000131741
53	141	0	0.00040681	0.000093566
59	148	1	0.00038861	0.00024871
59	148	0	0.000388608	0.000248709
41	98	1	0.000385493	0.000246715
37	97	0	0.000379373	3.03499E-05
36	96	0	0.000378113	0.000241992
34	82	0	0.000370984	2.96787E-05
59	153	0	0.00036744	0.00023516
37	100	0	0.000347615	0.000222474
58	144	0	0.000345456	0.000221092
34	83	1	0.000335246	2.01148E-05
60	150	0	0.000327227	0.000209425
58	143	0	0.000313348	3.44683E-05
42	108	0	0.00030204	0.00019331
41	99	0	0.00029965	0.000032961
49	129	0	0.000275381	0.000123921
33	82	1	0.000271051	0.000173473
35	92	0	0.000267711	0.000171335
43	106	0	0.000267671	0.000171309
54	143	1	0.00026472	0.00016942
54	143	0	0.000264718	0.00016942
36	85	0	0.000255332	4.08531E-05
49	129	1	0.00025341	0.00016218
54	134	1	0.000246123	0.000157518
43	108	0	0.00023766	0.0001521
43	107	0	0.000224314	0.000143561
37	88	0	0.000223014	1.78411E-05
56	148	0	0.000221844	0.00014198
58	152	0	0.000205365	0.000131434
33	86	0	0.000199226	0.000127505
35	83	0	0.00019538	0.00003126
40	94	0	0.000194946	0.000124766
32	84	0	0.000189947	4.36877E-05
35	84	0	0.000185797	2.04377E-05
57	141	0	0.000184907	2.95851E-05
50	134	0	0.000176927	0.000113234
60	155	0	0.000175378	0.000112242
38	89	0	0.000175198	0.000112126
31	79	0	0.000171078	1.88186E-05
52	140	0	0.000169117	0.000108235
35	84	1	0.000167248	1.33799E-05
41	106	0	0.000157369	0.000100716
42	109	0	0.000155269	9.93722E-05
48	131	0	0.000137779	8.81783E-05
33	80	0	0.00013695	8.76482E-05
43	109	0	0.00013444	8.60419E-05
49	128	0	0.000131471	8.41413E-05
49	128	1	0.00013147	0.000084141
34	90	0	0.00012699	0.000081273
61	155	0	0.000126091	8.06983E-05
48	124	0	0.00012142	0.00005464
48	122	0	0.000119302	0.000076353
40	92	0	0.00011898	0.000076148
44	111	0	0.000118252	7.56811E-05
31	80	0	0.000117062	1.87299E-05
43	110	0	0.000116392	7.44907E-05
32	79	1	0.000116247	7.43979E-05
32	79	0	0.000116247	7.43979E-05
51	136	0	0.00011489	0.000073531
31	84	0	0.00011067	0.00007083
41	97	0	0.000107552	1.72084E-05
50	124	0	0.00010691	0.000068424
51	128	0	0.00010667	0.00006827
54	134	0	0.000105483	6.75088E-05
50	125	1	0.000104573	1.67316E-05
57	150	0	0.00010422	0.000066703
31	78	0	0.00010281	0.0000658
48	123	0	0.000101013	6.46482E-05
44	112	0	0.000099213	0.000063496
44	110	0	0.000098853	6.32659E-05
43	102	0	9.55432E-05	6.11477E-05
43	102	1	0.000095543	0.000061148
53	132	0	0.000091309	0.000058438
53	132	1	9.13085E-05	5.84375E-05
61	153	0	8.80038E-05	5.63224E-05
46	117	0	0.000087714	0.000056137
50	125	0	0.000085424	6.83392E-06
48	120	0	8.38841E-05	5.36858E-05
31	81	0	0.000081774	0.000026168
48	127	0	0.000081544	0.000052188
38	100	0	8.15242E-05	5.21755E-05
48	126	0	8.07843E-05	5.17019E-05
50	127	1	7.91744E-05	5.06716E-05
55	146	0	0.000076405	8.4045E-06
47	119	0	7.25349E-05	2.32112E-05
36	95	0	7.18697E-05	4.59966E-05
46	115	0	0.000071285	4.56224E-05
51	127	0	0.000070895	1.63058E-05
61	156	0	0.000070635	4.52064E-05
32	78	0	0.000069415	0.000044426
34	81	1	6.92651E-05	0.000015931
45	113	0	6.84252E-05	4.37921E-05
46	116	0	6.81552E-05	4.36193E-05
60	149	0	6.80752E-05	4.35681E-05
52	139	0	6.66353E-05	4.26466E-05
51	128	1	6.36555E-05	4.07395E-05
31	82	0	6.26156E-05	0.000040074
49	127	1	6.25456E-05	2.81455E-05
49	132	0	0.000062266	0.000019925
44	113	0	6.05457E-05	3.87493E-05
54	144	0	6.04901E-05	3.87137E-05
36	85	1	0.000058906	9.4249E-06
53	142	0	5.85659E-05	3.74822E-05
49	131	1	5.55961E-05	3.55815E-05
49	131	0	5.55961E-05	3.55815E-05
48	125	0	5.54561E-05	3.54919E-05
61	154	0	5.41362E-05	3.46472E-05
61	154	1	0.000054136	0.000034647
57	140	0	5.21563E-05	0.00003338
45	114	0	5.02664E-05	3.21705E-05
59	154	0	5.02065E-05	3.21321E-05
47	116	0	4.74366E-05	3.03595E-05
49	125	0	0.000047227	0.000015113
49	125	1	4.72267E-05	1.51125E-05
60	156	0	4.70167E-05	3.00907E-05
43	111	0	0.000044907	0.00002874
38	101	0	4.48611E-05	2.87111E-05
46	114	0	0.000041557	0.000026597
56	138	0	0.000041157	0.000026341
31	77	0	4.08171E-05	0.000026123
53	131	0	3.91572E-05	4.3073E-06
49	123	0	3.91072E-05	2.50286E-05
42	110	0	3.88673E-05	0.000024875
45	115	0	0.000036287	0.000023224
59	146	0	3.62374E-05	0.000023192
48	121	1	3.61924E-05	2.31632E-05
48	121	0	0.000036192	0.000023163
30	78	0	3.56475E-05	2.28144E-05
48	128	0	3.55275E-05	2.27376E-05
47	118	0	0.000034158	7.8562E-06
46	118	0	3.17778E-05	2.03378E-05
30	77	0	0.000031438	0.00002012
49	130	2	3.14011E-05	2.00967E-05
49	130	1	3.14011E-05	2.00967E-05
49	130	0	0.000031401	0.000020097
35	93	0	0.000030843	0.00001974
62	156	0	0.000030308	0.000019397
47	118	1	2.99279E-05	1.91538E-05
61	157	0	0.000029338	0.000018776
55	136	0	0.000027688	1.77203E-05
55	136	1	0.000027688	0.00001772
46	120	0	0.000027098	0.000017343
62	157	0	2.66681E-05	1.70676E-05
33	79	0	2.65681E-05	1.19557E-05
39	103	0	2.58276E-05	1.65297E-05
47	121	0	2.57782E-05	0.000016498
37	87	0	0.000025018	0.000016012
49	121	0	0.000024718	7.9098E-06
48	119	0	2.44683E-05	1.56597E-05
41	97	1	0.000024468	5.6277E-06
62	158	0	2.39783E-05	1.53461E-05
37	85	0	0.000023748	0.000015199
37	98	0	0.000023588	0.000010615
41	107	0	0.000023137	0.000014808
45	112	0	0.000022958	0.000014693
48	119	1	0.000022488	0.000014393
55	147	0	2.23819E-05	1.43244E-05
32	87	0	2.19582E-05	1.40532E-05
32	85	0	2.12985E-05	0.000013631
54	133	1	0.000018859	0.00001207
30	76	0	1.83787E-05	1.17624E-05
44	114	0	1.72588E-05	1.10456E-05
48	118	0	1.71488E-05	1.09752E-05
58	153	0	1.70488E-05	1.09112E-05
49	124	1	1.69538E-05	1.08504E-05
49	124	0	1.69538E-05	1.08504E-05
49	126	0	0.000016479	0.000010547
49	126	1	1.64788E-05	1.05465E-05
30	79	0	1.63888E-05	7.37498E-06
36	98	0	1.63287E-05	1.04504E-05
47	117	0	1.51889E-05	3.49345E-06
47	117	1	1.51889E-05	3.49345E-06
47	115	1	0.000013699	8.76738E-06
62	155	0	1.30991E-05	8.38341E-06
46	113	0	1.16292E-05	7.44267E-06
31	76	0	1.04593E-05	6.69393E-06
34	81	0	0.000010379	2.3872E-06
56	149	0	1.03256E-05	6.60841E-06
57	151	0	1.02711E-05	6.5735E-06
60	148	0	9.9293E-06	6.3548E-06
61	152	2	9.27934E-06	5.93878E-06
61	152	0	9.27934E-06	5.93878E-06
61	152	1	9.2793E-06	5.9388E-06
47	114	0	9.16935E-06	5.86839E-06
45	111	0	8.79938E-06	5.6316E-06
45	116	0	8.68939E-06	5.56121E-06
51	126	1	8.59439E-06	5.50041E-06
51	126	2	8.59439E-06	5.50041E-06
44	109	0	8.5644E-06	5.4812E-06
44	109	1	8.56439E-06	5.48121E-06
49	122	1	8.37941E-06	5.36282E-06
49	122	2	8.37941E-06	5.36282E-06
49	122	0	8.3794E-06	5.3628E-06
50	123	0	8.03943E-06	3.61774E-06
30	75	0	7.66946E-06	4.90845E-06
47	116	1	7.6495E-06	4.8957E-06
62	159	0	7.4195E-06	4.7485E-06
61	158	0	7.0595E-06	4.51808E-06
43	112	0	6.85952E-06	4.39009E-06
59	155	0	6.72952E-06	4.3069E-06
54	133	0	6.65953E-06	3.99572E-07
34	91	0	6.65719E-06	4.2606E-06
51	126	0	6.5095E-06	4.1661E-06
61	151	0	6.4196E-06	4.1085E-06
50	135	0	6.26948E-06	4.01247E-06
32	77	0	5.95958E-06	3.81413E-06
39	104	0	5.6796E-06	3.63494E-06
47	124	0	5.5196E-06	3.5326E-06
41	96	0	5.43962E-06	3.48135E-06
34	80	0	4.88965E-06	3.12938E-06
60	157	0	4.8497E-06	3.1038E-06
41	109	0	4.83581E-06	3.09492E-06
62	154	0	4.72967E-06	3.02699E-06
49	119	0	4.71967E-06	1.51029E-06
45	117	0	4.64967E-06	2.97579E-06
47	120	1	4.3747E-06	2.7998E-06
47	120	0	4.37469E-06	2.7998E-06
46	119	0	4.34969E-06	2.7838E-06
48	117	1	3.7297E-06	0.000002387
50	122	0	3.6497E-06	2.3358E-06
50	121	0	3.57975E-06	2.29104E-06
47	122	1	3.3398E-06	2.1375E-06
47	122	0	3.33976E-06	2.13745E-06
59	145	0	3.3298E-06	2.1311E-06
44	104	0	3.2698E-06	2.0927E-06
36	84	0	3.24977E-06	2.07985E-06
49	121	1	3.23977E-06	2.07345E-06
50	123	1	3.09978E-06	9.9193E-07
47	123	0	2.74981E-06	1.75988E-06
44	115	0	2.5689E-06	1.6441E-06
30	74	0	2.5098E-06	1.6063E-06
49	123	1	2.5098E-06	1.6063E-06
55	135	1	2.45483E-06	1.57109E-06
55	135	0	2.45483E-06	1.57109E-06
30	80	0	2.4198E-06	1.5487E-06
42	111	0	0.000002279	1.4586E-06
62	160	0	2.10985E-06	1.3503E-06
49	120	2	2.0999E-06	1.3439E-06
49	120	0	2.09985E-06	1.34391E-06
49	120	1	2.09985E-06	1.34391E-06
31	75	0	1.9299E-06	1.2351E-06
47	115	0	1.9299E-06	1.2351E-06
31	83	0	1.91986E-06	1.22871E-06
58	142	0	1.7599E-06	1.1263E-06
38	102	0	1.7299E-06	1.1071E-06
52	128	0	1.71988E-06	5.50361E-07
49	133	0	1.70983E-06	1.09429E-06
35	94	0	1.65988E-06	1.06232E-06
39	91	0	1.6499E-06	1.0559E-06
39	91	1	1.64988E-06	1.05593E-06
43	101	0	1.60989E-06	1.03033E-06
63	159	0	1.5599E-06	9.9833E-07
53	130	0	1.54989E-06	9.9193E-07
33	89	0	1.53985E-06	9.85504E-07
43	113	0	1.39879E-06	8.95224E-07
40	93	0	1.3699E-06	8.76738E-07
56	137	1	1.32991E-06	8.5114E-07
32	76	0	1.2999E-06	8.3194E-07
33	78	0	1.2999E-06	2.9898E-07
46	112	0	1.27991E-06	8.19142E-07
63	158	0	1.27991E-06	8.19142E-07
48	117	0	1.11992E-06	7.16749E-07
41	95	0	1.05993E-06	6.78352E-07
61	159	0	1.05993E-06	6.78352E-07
29	75	0	1.00993E-06	6.46354E-07
42	98	0	9.57932E-07	6.13077E-07
58	154	0	9.1194E-07	5.8364E-07
63	160	0	9.02936E-07	5.77879E-07
41	108	0	8.99936E-07	5.75959E-07
32	77	1	8.90937E-07	5.702E-07
29	76	0	8.2794E-07	5.2988E-07
62	153	0	8.0094E-07	5.126E-07
38	88	0	7.67946E-07	4.91485E-07
54	145	0	7.1594E-07	4.582E-07
29	74	0	6.81952E-07	4.36449E-07
60	147	0	6.71953E-07	4.3005E-07
53	130	1	6.6595E-07	4.2621E-07
63	157	0	6.34955E-07	4.06371E-07
45	110	1	5.6496E-07	3.61574E-07
45	110	0	5.6496E-07	3.6157E-07
56	137	0	5.42962E-07	3.47495E-07
32	88	0	5.19959E-07	3.32774E-07
60	158	0	5.18963E-07	3.32137E-07
56	150	0	5.0197E-07	3.2126E-07
46	121	0	4.72967E-07	3.02699E-07
29	73	0	4.7097E-07	3.0142E-07
37	99	0	4.67542E-07	2.99227E-07
30	73	0	4.62967E-07	2.96299E-07
63	161	0	4.53968E-07	2.90539E-07
57	152	0	4.52968E-07	2.899E-07
29	77	0	4.44969E-07	2.8478E-07
54	132	0	4.2197E-07	2.70061E-07
34	92	0	4.16967E-07	2.66859E-07
59	156	0	4.0697E-07	2.6046E-07
51	138	0	3.91972E-07	2.50862E-07
35	82	0	3.82973E-07	2.45103E-07
45	118	0	3.6297E-07	2.323E-07
31	86	0	3.27977E-07	2.09905E-07
52	141	0	3.2408E-07	2.0741E-07
57	138	0	3.17978E-07	2.03506E-07
48	116	0	2.99979E-07	1.91986E-07
61	150	0	2.99979E-07	1.91986E-07
36	97	0	2.9698E-07	1.9006E-07
62	161	0	2.8298E-07	1.81107E-07
50	121	1	2.7898E-07	1.78547E-07
51	125	0	2.73981E-07	1.75348E-07
41	95	1	2.4798E-07	1.5871E-07
44	116	0	2.45983E-07	1.57429E-07
44	103	0	2.35983E-07	1.51029E-07
57	139	0	2.2698E-07	1.4527E-07
50	137	0	1.85985E-07	1.1903E-07
53	143	0	1.85895E-07	1.18973E-07
44	108	0	1.66988E-07	1.06872E-07
35	82	1	1.62988E-07	1.04313E-07
63	156	0	1.6199E-07	1.0367E-07
49	119	1	1.58989E-07	1.01753E-07
50	136	0	1.5699E-07	1.0047E-07
41	110	0	1.5299E-07	9.7913E-08
52	129	1	1.3999E-07	8.95937E-08
55	148	0	1.30991E-07	8.38341E-08
59	144	1	1.27991E-07	8.19142E-08
29	72	0	1.26991E-07	8.12743E-08
64	161	0	1.1099E-07	7.1035E-08
34	79	0	1.0999E-07	7.0395E-08
29	78	0	1.08992E-07	6.97551E-08
30	82	0	1.07992E-07	6.91151E-08
54	146	0	1.05992E-07	6.78346E-08
64	160	0	1.00993E-07	6.46354E-08
62	152	0	9.64932E-08	6.17556E-08
42	112	0	9.64683E-08	6.17397E-08
35	81	0	8.8594E-08	5.67E-08
51	124	0	7.60946E-08	4.87006E-08
28	72	0	7.5995E-08	4.8637E-08
61	160	0	7.5495E-08	4.8317E-08
31	74	1	7.29948E-08	4.67167E-08
31	74	0	7.29948E-08	4.67167E-08
28	73	0	7.1295E-08	4.56288E-08
43	114	0	7.0095E-08	4.4861E-08
63	162	0	6.9895E-08	4.4733E-08
64	162	0	6.78952E-08	4.34529E-08
47	130	0	6.6595E-08	4.2621E-08
36	83	0	6.62953E-08	4.2429E-08
30	72	0	6.09957E-08	3.90372E-08
52	129	0	5.7296E-08	3.6669E-08
43	100	0	5.5896E-08	3.5774E-08
48	115	1	5.5296E-08	1.7695E-08
51	123	0	5.1696E-08	3.3086E-08
49	118	0	5.05964E-08	3.23817E-08
58	141	0	4.98965E-08	3.19337E-08
44	107	0	4.9397E-08	3.1614E-08
46	122	0	4.76966E-08	3.05258E-08
46	111	1	4.7197E-08	3.0206E-08
28	74	0	4.57968E-08	2.93099E-08
32	75	1	4.55968E-08	2.91819E-08
39	90	1	4.4847E-08	2.8702E-08
39	90	0	4.48468E-08	2.8702E-08
28	71	0	4.34969E-08	2.7838E-08
33	77	0	4.3097E-08	2.75821E-08
61	149	0	3.86973E-08	2.47662E-08
55	134	1	3.85473E-08	2.46703E-08
55	134	0	3.8547E-08	2.467E-08
64	163	0	3.80973E-08	2.43823E-08
64	159	0	3.70974E-08	2.37423E-08
47	113	1	3.61974E-08	2.31664E-08
29	71	0	3.47975E-08	2.22704E-08
49	134	0	3.46975E-08	2.22064E-08
33	90	0	3.27811E-08	2.09799E-08
37	86	1	3.22477E-08	2.06385E-08
37	86	0	3.22477E-08	2.06385E-08
60	146	0	3.18977E-08	2.04146E-08
50	120	0	2.9998E-08	1.9199E-08
28	70	0	2.7798E-08	1.77907E-08
63	155	0	2.62981E-08	1.68308E-08
58	155	0	2.54979E-08	1.63187E-08
46	111	0	2.53982E-08	1.62549E-08
35	95	0	2.52348E-08	1.61503E-08
44	117	0	2.51894E-08	1.61212E-08
42	97	0	2.48982E-08	1.59349E-08
34	93	0	2.4571E-08	1.5725E-08
45	120	0	2.38983E-08	1.52949E-08
56	136	1	2.36483E-08	1.51349E-08
56	136	0	2.3648E-08	1.5135E-08
52	142	0	2.06984E-08	1.3247E-08
45	109	0	2.05985E-08	1.31831E-08
45	109	1	2.05985E-08	1.31831E-08
38	103	0	2.0575E-08	1.3168E-08
62	162	0	2.0299E-08	1.2991E-08
63	163	0	1.93986E-08	1.24151E-08
35	96	0	1.9099E-08	1.2223E-08
45	119	0	1.85987E-08	1.19032E-08
54	147	0	1.78301E-08	1.14113E-08
60	159	0	1.76987E-08	1.13272E-08
40	106	0	1.67988E-08	1.07512E-08
34	79	1	1.64988E-08	1.05593E-08
59	157	0	1.64988E-08	1.05593E-08
37	101	0	1.5752E-08	1.0081E-08
53	144	0	1.5615E-08	9.9937E-09
36	83	1	1.5499E-08	9.9193E-09
28	75	0	1.5299E-08	9.7913E-09
64	164	0	1.4899E-08	9.5353E-09
64	158	0	1.4799E-08	9.4713E-09
59	144	0	1.4299E-08	9.15135E-09
57	153	0	1.4199E-08	9.0871E-09
51	139	0	1.3999E-08	8.9591E-09
30	84	0	1.21991E-08	7.80745E-09
51	124	2	1.20991E-08	7.74345E-09
31	73	0	1.2099E-08	7.7435E-09
51	124	1	1.2099E-08	7.7435E-09
36	100	0	1.1499E-08	7.3595E-09
28	69	0	1.1199E-08	7.1675E-09
38	87	0	1.06992E-08	6.84752E-09
53	128	0	1.0399E-08	6.6555E-09
44	102	0	9.75931E-09	6.24596E-09
44	106	0	9.06936E-09	5.80439E-09
48	115	0	8.99936E-09	2.8798E-09
43	98	0	8.8894E-09	5.6892E-09
49	118	2	8.4494E-09	5.40762E-09
49	118	1	8.4494E-09	5.4076E-09
47	112	0	8.28941E-09	5.30523E-09
56	151	0	8.18226E-09	5.23665E-09
55	133	0	7.91944E-09	2.53422E-09
48	129	0	7.23949E-09	4.63327E-09
32	75	0	6.80952E-09	4.35809E-09
64	165	0	6.13957E-09	3.92932E-09
31	85	0	5.87943E-09	3.76284E-09
47	113	0	5.4196E-09	3.4686E-09
28	76	0	5.01965E-09	3.21257E-09
62	151	0	4.74966E-09	3.03979E-09
59	143	0	4.4997E-09	2.8798E-09
29	70	1	4.4597E-09	2.8542E-09
61	161	0	4.39969E-09	2.8158E-09
28	68	0	4.1897E-09	2.68141E-09
46	123	0	3.9897E-09	2.5534E-09
40	109	0	3.85235E-09	2.4655E-09
49	117	0	3.65974E-09	2.34223E-09
55	149	0	3.6255E-09	2.3203E-09
54	131	1	3.4798E-09	2.227E-09
52	124	0	3.41976E-09	2.18865E-09
30	71	1	3.2898E-09	2.1055E-09
27	69	0	3.24977E-09	2.07985E-09
65	165	0	2.8098E-09	1.7983E-09
46	124	0	2.72981E-09	1.74708E-09
38	87	1	2.5098E-09	1.6063E-09
27	68	0	2.46983E-09	1.58069E-09
34	78	0	2.46983E-09	1.58069E-09
33	91	0	2.3375E-09	1.496E-09
63	153	0	2.32984E-09	7.45547E-10
46	110	0	2.14985E-09	1.3759E-09
65	163	0	2.13985E-09	1.3695E-09
27	70	0	2.0899E-09	1.3375E-09
51	122	1	2.07985E-09	1.33111E-09
63	164	0	2.00986E-09	1.28631E-09
27	67	0	1.9999E-09	1.2799E-09
39	89	1	1.87987E-09	1.20311E-09
51	122	0	1.83987E-09	1.17752E-09
65	164	0	1.79987E-09	1.15192E-09
32	74	0	1.6699E-09	1.0687E-09
64	166	0	1.65988E-09	1.06232E-09
33	76	0	1.64988E-09	1.05593E-09
47	131	0	1.59446E-09	1.02046E-09
40	107	0	1.5577E-09	9.9693E-10
65	166	0	1.53989E-09	9.8553E-10
29	70	0	1.48989E-09	9.53533E-10
27	71	0	1.4799E-09	9.47133E-10
64	157	0	1.4799E-09	9.47133E-10
41	94	0	1.4599E-09	9.3433E-10
51	140	0	1.43888E-09	9.20883E-10
54	131	0	1.4199E-09	9.08736E-10
62	163	0	1.3699E-09	8.76738E-10
65	167	0	1.33991E-09	8.57539E-10
38	104	0	1.30991E-09	8.38341E-10
43	99	0	1.22991E-09	7.87144E-10
58	140	0	1.14992E-09	7.35948E-10
29	69	0	1.13992E-09	7.29548E-10
50	119	1	1.13992E-09	7.29548E-10
42	113	0	1.11432E-09	7.13162E-10
35	80	1	1.10992E-09	7.1035E-10
44	105	0	1.10992E-09	7.1035E-10
41	94	1	1.00993E-09	6.46354E-10
63	154	0	9.69931E-10	6.20756E-10
63	154	1	9.6993E-10	6.2076E-10
28	67	0	9.03936E-10	5.78519E-10
43	115	0	9.01994E-10	5.77276E-10
49	117	1	8.5894E-10	5.4972E-10
41	111	0	8.00212E-10	5.12136E-10
30	71	0	7.70946E-10	4.93405E-10
48	114	0	7.64946E-10	4.89565E-10
66	167	0	7.5095E-10	4.8061E-10
55	132	0	7.3795E-10	4.7229E-10
44	118	0	6.9195E-10	4.4285E-10
26	67	0	6.86951E-10	4.39649E-10
30	83	0	6.3195E-10	4.0445E-10
65	161	0	5.95958E-10	3.81413E-10
27	72	0	5.79959E-10	3.71174E-10
58	156	0	5.72955E-10	3.66691E-10
28	77	0	5.63954E-10	3.6093E-10
60	145	0	5.5496E-10	3.5518E-10
42	96	0	5.3296E-10	3.411E-10
29	80	0	5.24963E-10	3.35976E-10
60	160	0	5.0396E-10	3.2254E-10
65	162	1	4.5197E-10	2.8926E-10
65	162	0	4.51968E-10	2.8926E-10
40	91	0	4.41969E-10	2.8286E-10
39	89	0	4.39969E-10	2.8158E-10
66	166	0	3.97972E-10	2.54702E-10
26	68	0	3.91972E-10	2.50862E-10
63	165	0	3.8697E-10	2.4766E-10
56	135	0	3.81973E-10	2.44463E-10
56	135	1	3.8197E-10	2.4446E-10
26	66	0	3.7597E-10	2.4062E-10
59	158	0	3.74973E-10	2.39983E-10
35	80	0	3.70974E-10	2.37423E-10
64	167	0	3.6797E-10	2.355E-10
66	168	0	3.63974E-10	2.32944E-10
50	119	0	3.39976E-10	2.17585E-10
36	82	0	3.34976E-10	2.14385E-10
30	70	0	3.02979E-10	1.93906E-10
43	99	1	2.8898E-10	1.84947E-10
65	160	0	2.8398E-10	1.8175E-10
27	66	0	2.8098E-10	1.79827E-10
31	87	0	2.5411E-10	1.6263E-10
52	127	1	2.42983E-10	1.55509E-10
27	73	0	2.2098E-10	1.4143E-10
54	130	0	1.96986E-10	6.30355E-11
31	72	1	1.92986E-10	1.23511E-10
31	72	0	1.92986E-10	1.23511E-10
66	169	0	1.73988E-10	1.11352E-10
65	168	0	1.7299E-10	1.1071E-10
34	94	0	1.70988E-10	1.09432E-10
44	101	0	1.6199E-10	1.0367E-10
66	165	0	1.5299E-10	9.7913E-11
56	152	0	1.48988E-10	9.53524E-11
45	104	1	1.4699E-10	9.40734E-11
57	154	0	1.4599E-10	9.34334E-11
45	121	0	1.4399E-10	9.2151E-11
64	156	0	1.4299E-10	9.15135E-11
35	98	0	1.38928E-10	8.8914E-11
26	69	0	1.2199E-10	7.8075E-11
62	150	0	1.2199E-10	7.8075E-11
38	86	0	1.18992E-10	7.61546E-11
52	127	0	9.9193E-11	6.3484E-11
60	144	0	9.56932E-11	1.05263E-11
40	110	0	9.2893E-11	5.9451E-11
61	148	1	8.0994E-11	5.1836E-11
29	68	1	7.3595E-11	4.7101E-11
49	135	0	7.2555E-11	4.6435E-11
57	137	0	6.92951E-11	4.43489E-11
61	162	0	6.79952E-11	4.35169E-11
43	116	0	6.30955E-11	4.03811E-11
62	164	0	6.03957E-11	3.86533E-11
28	66	0	5.7796E-11	3.6989E-11
28	78	0	5.0296E-11	3.219E-11
45	104	0	4.88965E-11	3.12938E-11
66	164	0	4.77966E-11	3.05898E-11
48	133	0	4.4894E-11	2.8732E-11
61	148	0	4.44969E-11	2.8478E-11
42	114	0	4.3997E-11	2.8158E-11
50	118	0	4.0997E-11	2.6238E-11
65	169	0	4.06971E-11	2.60462E-11
32	89	0	4.0431E-11	2.5876E-11
66	170	0	3.7297E-11	2.387E-11
41	93	0	3.61974E-11	2.31664E-11
51	121	0	3.5298E-11	1.1295E-11
50	138	0	3.28977E-11	2.10545E-11
26	70	0	3.23977E-11	2.07345E-11
29	68	0	3.14978E-11	2.01586E-11
27	74	0	2.99979E-11	1.91986E-11
49	116	0	2.5665E-11	1.6426E-11
49	116	1	2.56649E-11	1.64255E-11
49	116	2	2.56649E-11	1.64255E-11
33	75	0	2.5598E-11	1.6383E-11
63	166	0	2.49982E-11	1.59989E-11
41	112	0	2.49026E-11	1.59376E-11
61	147	0	2.48982E-11	1.59349E-11
32	73	0	2.37983E-11	1.52309E-11
59	142	1	2.31484E-11	1.4815E-11
59	142	0	2.31484E-11	1.4815E-11
66	165	1	2.28984E-11	1.4655E-11
67	169	0	2.2298E-11	1.4271E-11
64	168	0	2.17985E-11	1.3951E-11
37	84	0	2.15985E-11	1.3823E-11
55	150	0	1.98986E-11	1.27351E-11
34	77	1	1.83987E-11	1.17752E-11
52	123	1	1.71988E-11	1.10072E-11
39	88	0	1.6999E-11	1.0879E-11
65	159	0	1.69988E-11	1.08792E-11
47	125	0	1.65988E-11	1.06232E-11
37	102	0	1.4718E-11	9.41955E-12
66	163	0	1.23991E-11	7.93544E-12
36	99	0	1.2276E-11	7.85662E-12
67	168	0	1.15992E-11	7.42348E-12
54	148	0	1.0999E-11	7.0395E-12
66	171	0	1.08992E-11	6.97551E-12
67	171	0	1.0699E-11	6.8475E-12
48	112	0	1.05993E-11	3.39176E-12
30	69	1	1.0599E-11	6.7835E-12
35	79	1	1.0399E-11	6.6555E-12
67	167	0	1.02993E-11	6.59153E-12
29	67	0	9.67932E-12	6.19476E-12
36	81	0	9.42933E-12	6.03477E-12
31	71	0	9.3893E-12	6.0092E-12
43	117	0	8.8445E-12	5.6605E-12
48	113	1	8.6794E-12	5.5548E-12
41	93	1	8.4894E-12	5.43322E-12
53	145	0	8.28533E-12	5.30261E-12
47	111	1	8.27941E-12	5.29883E-12
52	126	0	8.24942E-12	5.27963E-12
25	66	0	7.19949E-12	4.60767E-12
58	139	1	7.0295E-12	4.4989E-12
44	119	0	6.54946E-12	4.19166E-12
60	161	0	6.15949E-12	3.94208E-12
45	102	0	5.9096E-12	3.7821E-12
32	73	1	5.5896E-12	3.57735E-12
46	109	1	5.4596E-12	3.4942E-12
25	67	0	5.37962E-12	3.44296E-12
56	134	0	5.25963E-12	3.36616E-12
52	123	0	5.1396E-12	3.2894E-12
42	95	0	4.93965E-12	3.16138E-12
67	170	0	4.92965E-12	3.15498E-12
67	170	1	4.92965E-12	3.15498E-12
26	71	0	4.91965E-12	3.14858E-12
52	143	0	4.88094E-12	3.1238E-12
59	159	0	4.8795E-12	3.1229E-12
47	126	0	4.74966E-12	3.03979E-12
58	138	0	4.74966E-12	3.03979E-12
45	102	1	4.72967E-12	3.02699E-12
39	105	0	4.67E-12	2.9888E-12
58	157	0	4.5896E-12	2.9374E-12
61	146	0	4.4997E-12	2.8798E-12
31	88	0	4.42392E-12	2.83131E-12
45	103	1	4.2697E-12	2.7326E-12
64	155	0	4.0797E-12	2.611E-12
27	75	0	3.80963E-12	2.43816E-12
51	141	0	3.7504E-12	2.40026E-12
67	172	0	3.68974E-12	2.36143E-12
33	92	0	3.54764E-12	2.27049E-12
35	97	0	3.43679E-12	2.19955E-12
35	79	0	3.10978E-12	1.99026E-12
40	108	0	3.09978E-12	1.98386E-12
44	120	0	3.02979E-12	1.93906E-12
46	109	0	2.93979E-12	1.88147E-12
58	139	0	2.8698E-12	1.83667E-12
45	122	0	2.8498E-12	1.82387E-12
34	77	0	2.7498E-12	1.7599E-12
48	113	0	2.58982E-12	1.65748E-12
62	165	0	2.5498E-12	1.6319E-12
63	151	0	2.48982E-12	7.96744E-13
30	69	0	2.47982E-12	1.58709E-12
37	83	0	2.29984E-12	1.4719E-12
30	86	0	2.2798E-12	1.4591E-12
63	167	0	2.23984E-12	1.4335E-12
65	170	0	2.23984E-12	1.4335E-12
68	172	0	2.19984E-12	1.4079E-12
49	137	0	2.15233E-12	1.37749E-12
44	100	0	2.11985E-12	1.3567E-12
40	90	1	2.0949E-12	1.3407E-12
40	90	0	2.09485E-12	1.34071E-12
66	162	0	2.0299E-12	1.2991E-12
61	163	0	1.8199E-12	1.1647E-12
66	172	0	1.76987E-12	1.13272E-12
62	149	0	1.70988E-12	1.09432E-12
53	126	0	1.69988E-12	1.08792E-12
49	136	0	1.67988E-12	1.07512E-12
49	115	0	1.6299E-12	1.0431E-12
47	127	0	1.5799E-12	1.0111E-12
68	171	0	1.57989E-12	1.01113E-12
29	82	0	1.4799E-12	9.4713E-13
36	81	1	1.4099E-12	9.0234E-13
51	120	1	1.29991E-12	8.31941E-13
47	111	0	1.2399E-12	7.9354E-13
65	158	0	1.1999E-12	7.6795E-13
64	169	0	1.18992E-12	7.61546E-13
32	90	0	1.17072E-12	7.4926E-13
67	166	1	9.4093E-13	6.022E-13
48	134	0	9.32934E-13	5.97078E-13
63	152	1	9.06603E-13	5.80226E-13
63	152	2	9.06603E-13	5.80226E-13
63	152	0	9.066E-13	5.8023E-13
51	120	0	9.02936E-13	5.77879E-13
53	146	0	9.01799E-13	5.77152E-13
54	128	0	8.32941E-13	2.66541E-13
26	72	0	7.1494E-13	4.5756E-13
46	130	0	6.78952E-13	4.34529E-13
25	68	0	6.6595E-13	4.2621E-13
34	95	0	6.62575E-13	4.24048E-13
68	170	0	6.4196E-13	4.1085E-13
45	103	0	6.37955E-13	4.08291E-13
52	122	0	6.09957E-13	3.90372E-13
52	144	0	5.5767E-13	3.5691E-13
30	68	0	4.73967E-13	3.03339E-13
59	141	0	4.6897E-13	3.0014E-13
36	101	0	4.13579E-13	2.64691E-13
67	166	0	4.02972E-13	2.57902E-13
38	85	1	3.92472E-13	2.51182E-13
38	85	0	3.9247E-13	2.5118E-13
49	115	1	3.81973E-13	2.44463E-13
56	153	0	3.7281E-13	2.386E-13
50	139	0	3.6755E-13	2.3524E-13
32	72	0	3.6397E-13	2.3294E-13
68	169	0	3.26977E-13	2.09265E-13
45	101	0	3.25977E-13	2.08625E-13
34	76	0	3.03979E-13	1.94546E-13
57	155	0	2.95078E-13	1.8885E-13
65	171	0	2.9198E-13	1.8687E-13
33	93	0	2.84347E-13	1.81982E-13
27	76	0	2.5298E-13	1.6191E-13
66	161	0	2.50982E-13	1.60629E-13
50	117	1	2.49482E-13	1.59669E-13
50	117	0	2.49482E-13	1.59669E-13
37	103	0	2.38107E-13	1.52389E-13
52	125	1	2.29984E-13	1.4719E-13
41	92	0	2.2698E-13	1.4527E-13
53	147	0	2.0634E-13	1.3206E-13
67	165	0	2.04986E-13	1.31191E-13
51	142	0	1.7611E-13	1.1271E-13
30	85	0	1.54373E-13	9.87986E-14
31	70	0	1.4699E-13	9.40734E-14
29	66	0	1.4299E-13	9.1514E-14
65	158	1	1.32991E-13	8.5114E-14
34	96	0	1.2799E-13	8.1914E-14
33	74	1	1.15992E-13	7.42348E-14
47	128	0	1.11992E-13	7.16749E-14
64	154	0	1.11992E-13	7.16749E-14
39	87	0	9.99929E-14	6.39955E-14
54	149	0	9.51933E-14	6.09237E-14
55	151	0	9.46903E-14	6.06018E-14
43	97	1	8.79938E-14	5.6316E-14
43	97	0	8.79938E-14	5.6316E-14
45	123	0	8.5194E-14	5.45241E-14
25	69	0	8.02922E-14	5.1387E-14
52	125	0	6.8795E-14	4.4029E-14
68	168	0	6.78952E-14	4.34529E-14
62	166	0	6.42949E-14	4.11487E-14
36	80	0	6.24956E-14	3.99972E-14
32	91	0	6.13734E-14	3.9279E-14
26	73	0	5.53954E-14	3.54531E-14
33	74	0	4.98965E-14	3.19337E-14
35	78	0	4.93965E-14	3.16138E-14
65	157	0	4.92965E-14	3.15498E-14
60	143	0	4.79966E-14	3.07178E-14
39	109	0	4.45818E-14	2.85324E-14
51	119	0	3.8897E-14	2.4894E-14
58	158	0	3.86973E-14	2.47662E-14
60	162	0	3.47972E-14	2.22702E-14
42	94	0	2.99979E-14	1.91986E-14
63	168	0	2.8498E-14	1.8239E-14
59	160	0	2.8198E-14	1.80467E-14
64	170	0	2.6798E-14	1.7151E-14
55	131	0	2.53982E-14	1.62549E-14
24	66	0	2.40981E-14	1.54228E-14
42	115	0	2.36831E-14	1.51572E-14
47	110	1	2.27984E-14	1.4591E-14
40	111	0	2.10107E-14	1.34469E-14
40	89	0	2.06985E-14	1.32471E-14
66	160	0	1.92986E-14	1.23511E-14
69	172	0	1.67988E-14	1.07512E-14
61	164	0	1.65988E-14	1.06232E-14
62	148	0	1.63988E-14	1.04953E-14
28	80	0	1.55989E-14	9.98329E-15
46	128	0	1.33991E-14	8.57539E-15
41	113	0	1.2896E-14	8.2532E-15
44	99	0	1.09992E-14	7.0395E-15
68	167	0	1.09992E-14	7.0395E-15
65	172	0	1.04993E-14	6.71953E-15
56	133	0	1.03993E-14	6.65553E-15
45	124	0	1.0399E-14	6.6555E-15
29	83	0	7.3133E-15	4.68051E-15
27	77	0	6.52643E-15	4.17691E-15
43	118	0	5.88722E-15	3.76782E-15
57	156	0	4.8748E-15	3.1199E-15
44	121	0	3.7806E-15	2.4196E-15
55	152	0	1.2676E-15	8.1128E-16
40	112	0	8.89352E-16	5.69185E-16
39	110	0	7.9035E-16	5.05824E-16
27	78	0	4.27929E-16	2.73875E-16
41	114	0	3.74332E-16	2.39572E-16
42	117	0	2.3222E-16	1.4862E-16
58	159	0	1.28119E-16	8.19961E-17
26	75	0	1.0003E-16	6.4017E-17
43	119	0	7.57945E-17	4.85085E-17
59	161	0	7.12816E-17	4.56202E-17
57	157	0	5.3114E-17	3.3993E-17
39	106	0	4.97911E-17	3.18663E-17
47	129	0	2.9186E-17	1.86791E-17
39	107	0	6.27991E-18	4.01914E-18
25	72	0	6.08289E-18	3.89305E-18
24	69	0	2.10819E-18	1.34924E-18
25	73	0	6.41071E-19	4.10286E-19
61	166	0	5.4704E-19	3.501E-19
59	162	0	2.9606E-19	1.8948E-19
23	66	0	2.05032E-19	1.3122E-19
39	108	0	9.1877E-21	5.8801E-21