PRODUCT      ZAFP     FPS           Y          DY
----------- ------- ------- ----------- -----------
24-Cr- 66    24066.      0.  0.0000E+00  0.0000E+00
24-Cr- 67    24067.      0.  0.0000E+00  0.0000E+00
24-Cr- 68    24068.      0.  0.0000E+00  0.0000E+00
24-Cr- 70    24070.      0.  0.0000E+00  0.0000E+00
25-Mn- 66    25066.      0.  6.9700E-13  4.4608E-13
25-Mn- 67    25067.      0.  1.3500E-13  8.6400E-14
25-Mn- 68    25068.      0.  1.0100E-14  6.4640E-15
25-Mn- 69    25069.      0.  0.0000E+00  0.0000E+00
25-Mn- 70    25070.      0.  0.0000E+00  0.0000E+00
25-Mn- 71    25071.      0.  0.0000E+00  0.0000E+00
26-Fe- 66    26066.      0.  2.5700E-10  1.6448E-10
26-Fe- 67    26067.      0.  1.1300E-10  7.2320E-11
26-Fe- 68    26068.      0.  6.0800E-11  3.8912E-11
26-Fe- 69    26069.      0.  1.2300E-11  7.8720E-12
26-Fe- 70    26070.      0.  1.7400E-12  1.1136E-12
26-Fe- 71    26071.      0.  9.6700E-14  6.1888E-14
26-Fe- 72    26072.      0.  0.0000E+00  0.0000E+00
26-Fe- 73    26073.      0.  0.0000E+00  0.0000E+00
26-Fe- 74    26074.      0.  0.0000E+00  0.0000E+00
26-Fe- 76    26076.      0.  0.0000E+00  0.0000E+00
27-Co- 66    27066.      0.  3.2300E-10  2.0672E-10
27-Co- 67    27067.      0.  8.1200E-10  5.1968E-10
27-Co- 68    27068.      0.  8.9500E-10  5.7280E-10
27-Co- 69    27069.      0.  1.2400E-09  7.9360E-10
27-Co- 70    27070.      0.  4.0900E-10  2.6176E-10
27-Co- 71    27071.      0.  1.7100E-10  1.0944E-10
27-Co- 72    27072.      0.  2.9000E-11  1.8560E-11
27-Co- 73    27073.      0.  2.1900E-12  1.4016E-12
27-Co- 74    27074.      0.  7.1200E-14  4.5568E-14
27-Co- 75    27075.      0.  0.0000E+00  0.0000E+00
27-Co- 76    27076.      0.  0.0000E+00  0.0000E+00
27-Co- 77    27077.      0.  5.3512E-18  3.4248E-18
28-Ni- 66    28066.      0.  2.7100E-10  1.7344E-10
28-Ni- 67    28067.      0.  1.2100E-09  7.7440E-10
28-Ni- 68    28068.      0.  7.0200E-09  4.4928E-09
28-Ni- 69    28069.      0.  1.8300E-08  1.1712E-08
28-Ni- 70    28070.      0.  3.5700E-08  2.2848E-08
28-Ni- 71    28071.      0.  3.2800E-08  2.0992E-08
28-Ni- 72    28072.      0.  3.9400E-08  2.5216E-08
28-Ni- 73    28073.      0.  7.0500E-09  4.5120E-09
28-Ni- 74    28074.      0.  1.7400E-09  1.1136E-09
28-Ni- 75    28075.      0.  2.3900E-10  1.5296E-10
28-Ni- 76    28076.      0.  2.6700E-11  1.7088E-11
28-Ni- 77    28077.      0.  1.3000E-12  8.3200E-13
28-Ni- 78    28078.      0.  3.6900E-14  2.3616E-14
28-Ni- 79    28079.      0.  3.5115E-15  2.2474E-15
28-Ni- 80    28080.      0.  0.0000E+00  0.0000E+00
28-Ni- 82    28082.      0.  0.0000E+00  0.0000E+00
29-Cu- 66    29066.      0.  7.7600E-13  4.9664E-13
29-Cu- 67    29067.      0.  2.2300E-11  1.4272E-11
29-Cu- 68    29068.      0.  7.6800E-11  4.9152E-11
29-Cu- 68-M  29068.      1.  1.7900E-10  1.1456E-10
29-Cu- 69    29069.      0.  3.8000E-09  2.4320E-09
29-Cu- 70    29070.      0.  3.2400E-09  2.0736E-09
29-Cu- 70-M  29070.      1.  9.7100E-09  6.2144E-09
29-Cu- 71    29071.      0.  6.5400E-08  4.1856E-08
29-Cu- 72    29072.      0.  1.5300E-07  9.7920E-08
29-Cu- 73    29073.      0.  1.6800E-07  1.0752E-07
29-Cu- 74    29074.      0.  9.4700E-08  6.0608E-08
29-Cu- 75    29075.      0.  9.4200E-08  6.0288E-08
29-Cu- 76    29076.      0.  2.5300E-08  1.6192E-08
29-Cu- 77    29077.      0.  9.4300E-09  6.0352E-09
29-Cu- 78    29078.      0.  6.7200E-10  4.3008E-10
29-Cu- 79    29079.      0.  3.7600E-10  2.4064E-10
29-Cu- 80    29080.      0.  9.8900E-12  6.3296E-12
29-Cu- 81    29081.      0.  2.0200E-13  1.2928E-13
29-Cu- 82    29082.      0.  0.0000E+00  0.0000E+00
30-Zn- 66    30066.      0.  0.0000E+00  0.0000E+00
30-Zn- 67    30067.      0.  5.0200E-14  3.2128E-14
30-Zn- 68    30068.      0.  4.0400E-12  2.5856E-12
30-Zn- 69    30069.      0.  2.6100E-11  1.6704E-11
30-Zn- 69-M  30069.      1.  1.1100E-10  7.1040E-11
30-Zn- 70    30070.      0.  2.9100E-09  1.8624E-09
30-Zn- 71    30071.      0.  5.4900E-09  3.5136E-09
30-Zn- 71-M  30071.      1.  2.3400E-08  1.4976E-08
30-Zn- 72    30072.      0.  3.7300E-07  2.3872E-07
30-Zn- 73    30073.      0.  7.1800E-07  4.5952E-07
30-Zn- 74    30074.      0.  2.2800E-06  1.4592E-06
30-Zn- 75    30075.      0.  4.5900E-06  2.9376E-06
30-Zn- 76    30076.      0.  7.8600E-06  5.0304E-06
30-Zn- 77    30077.      0.  6.8700E-06  4.3968E-06
30-Zn- 78    30078.      0.  3.4800E-06  2.2272E-06
30-Zn- 79    30079.      0.  4.7400E-06  3.0336E-06
30-Zn- 80    30080.      0.  9.3100E-07  5.9584E-07
30-Zn- 81    30081.      0.  4.7800E-08  3.0592E-08
30-Zn- 82    30082.      0.  1.2800E-09  8.1920E-10
30-Zn- 83    30083.      0.  8.5500E-12  5.4720E-12
30-Zn- 84    30084.      0.  4.9600E-14  3.1744E-14
30-Zn- 85    30085.      0.  8.7975E-16  5.6304E-16
30-Zn- 86    30086.      0.  0.0000E+00  0.0000E+00
31-Ga- 66    31066.      0.  0.0000E+00  0.0000E+00
31-Ga- 67    31067.      0.  0.0000E+00  0.0000E+00
31-Ga- 68    31068.      0.  0.0000E+00  0.0000E+00
31-Ga- 69    31069.      0.  3.6500E-14  2.3360E-14
31-Ga- 70    31070.      0.  1.8400E-12  1.1776E-12
31-Ga- 71    31071.      0.  1.3000E-10  8.3200E-11
31-Ga- 72-M  31072.      1.  1.8550E-09  1.1872E-09
31-Ga- 72    31072.      0.  1.8550E-09  1.1872E-09
31-Ga- 73    31073.      0.  4.2700E-08  2.7328E-08
31-Ga- 74-M  31074.      1.  1.2850E-07  8.2240E-08
31-Ga- 74    31074.      0.  1.2850E-07  8.2240E-08
31-Ga- 75    31075.      0.  2.8100E-06  1.7984E-06
31-Ga- 76    31076.      0.  8.5100E-06  5.4464E-06
31-Ga- 77    31077.      0.  4.3430E-05  2.7795E-05
31-Ga- 78    31078.      0.  4.4860E-05  2.8710E-05
31-Ga- 79    31079.      0.  4.0211E-04  2.5735E-04
31-Ga- 80    31080.      0.  1.8272E-04  1.1694E-04
31-Ga- 81    31081.      0.  6.7610E-05  4.3270E-05
31-Ga- 82    31082.      0.  4.4400E-06  2.8416E-06
31-Ga- 83    31083.      0.  2.3200E-07  1.4848E-07
31-Ga- 84    31084.      0.  3.4000E-09  2.1760E-09
31-Ga- 85    31085.      0.  9.4199E-11  6.0287E-11
31-Ga- 86    31086.      0.  5.7600E-13  3.6864E-13
31-Ga- 87    31087.      0.  1.1032E-14  7.0603E-15
32-Ge- 66    32066.      0.  0.0000E+00  0.0000E+00
32-Ge- 67    32067.      0.  0.0000E+00  0.0000E+00
32-Ge- 68    32068.      0.  0.0000E+00  0.0000E+00
32-Ge- 69    32069.      0.  0.0000E+00  0.0000E+00
32-Ge- 70    32070.      0.  0.0000E+00  0.0000E+00
32-Ge- 71    32071.      0.  3.1300E-14  2.0032E-14
32-Ge- 71-M  32071.      1.  3.1300E-14  2.0032E-14
32-Ge- 72    32072.      0.  1.3500E-11  8.6400E-12
32-Ge- 73    32073.      0.  2.9400E-10  1.8816E-10
32-Ge- 73-M  32073.      1.  6.8900E-11  4.4096E-11
32-Ge- 74    32074.      0.  1.5100E-08  9.6640E-09
32-Ge- 75    32075.      0.  4.5800E-08  2.9312E-08
32-Ge- 75-M  32075.      1.  3.0700E-07  1.9648E-07
32-Ge- 76    32076.      0.  6.1500E-06  3.9360E-06
32-Ge- 77    32077.      0.  5.0170E-05  3.2109E-05
32-Ge- 77-M  32077.      1.  7.5000E-06  4.8000E-06
32-Ge- 78    32078.      0.  3.1345E-04  2.0061E-04
32-Ge- 79-M  32079.      1.  2.5439E-03  1.6281E-03
32-Ge- 79    32079.      0.  2.5439E-03  1.6281E-03
32-Ge- 80    32080.      0.  1.3557E-02  4.3381E-03
32-Ge- 81    32081.      0.  1.0572E-02  3.3830E-03
32-Ge- 82    32082.      0.  4.7004E-03  3.0083E-03
32-Ge- 83    32083.      0.  5.9937E-04  3.8360E-04
32-Ge- 84    32084.      0.  6.4200E-05  4.1088E-05
32-Ge- 85    32085.      0.  4.2400E-06  2.7136E-06
32-Ge- 86    32086.      0.  1.9600E-07  1.2544E-07
32-Ge- 87    32087.      0.  2.6800E-09  1.7152E-09
32-Ge- 88    32088.      0.  2.6400E-11  1.6896E-11
32-Ge- 89    32089.      0.  1.1861E-13  7.5909E-14
32-Ge- 90    32090.      0.  1.3314E-14  8.5213E-15
33-As- 69    33069.      0.  0.0000E+00  0.0000E+00
33-As- 71    33071.      0.  0.0000E+00  0.0000E+00
33-As- 72    33072.      0.  0.0000E+00  0.0000E+00
33-As- 73    33073.      0.  2.0300E-14  1.2992E-14
33-As- 74    33074.      0.  6.4300E-13  4.1152E-13
33-As- 74-M  33074.      1.  1.5000E-12  9.6000E-13
33-As- 75    33075.      0.  3.7200E-10  2.3808E-10
33-As- 76    33076.      0.  1.4800E-08  9.4720E-09
33-As- 77    33077.      0.  9.3300E-07  5.9712E-07
33-As- 78    33078.      0.  1.0110E-05  6.4704E-06
33-As- 79    33079.      0.  9.1174E-04  5.8351E-04
33-As- 80    33080.      0.  4.2669E-03  2.7308E-03
33-As- 81    33081.      0.  1.7667E-02  5.6535E-03
33-As- 82    33082.      0.  7.3224E-03  4.6864E-03
33-As- 82-M  33082.      1.  7.3224E-03  4.6863E-03
33-As- 83    33083.      0.  1.1725E-02  3.7519E-03
33-As- 84-M  33084.      1.  1.3661E-03  8.7429E-04
33-As- 84    33084.      0.  1.3661E-03  8.7429E-04
33-As- 85    33085.      0.  1.2046E-03  7.7093E-04
33-As- 86    33086.      0.  1.3291E-04  8.5063E-05
33-As- 87    33087.      0.  1.3440E-05  8.6016E-06
33-As- 88    33088.      0.  3.2900E-07  2.1056E-07
33-As- 89    33089.      0.  1.2700E-08  8.1279E-09
33-As- 90    33090.      0.  1.0481E-09  6.7081E-10
33-As- 91    33091.      0.  8.9324E-13  5.7167E-13
33-As- 92    33092.      0.  1.0653E-14  6.8177E-15
34-Se- 72    34072.      0.  0.0000E+00  0.0000E+00
34-Se- 73    34073.      0.  0.0000E+00  0.0000E+00
34-Se- 73-M  34073.      1.  0.0000E+00  0.0000E+00
34-Se- 74    34074.      0.  0.0000E+00  0.0000E+00
34-Se- 75    34075.      0.  3.8900E-14  2.4896E-14
34-Se- 76    34076.      0.  1.1500E-11  7.3600E-12
34-Se- 77    34077.      0.  2.3600E-10  1.5104E-10
34-Se- 77-M  34077.      1.  1.5800E-09  1.0112E-09
34-Se- 78    34078.      0.  1.3900E-07  8.8960E-08
34-Se- 79    34079.      0.  2.4250E-05  1.5520E-05
34-Se- 79-M  34079.      1.  3.6200E-06  2.3168E-06
34-Se- 80    34080.      0.  8.1876E-04  5.2401E-04
34-Se- 81    34081.      0.  8.4845E-04  5.4301E-04
34-Se- 81-M  34081.      1.  5.6781E-03  2.5551E-03
34-Se- 82    34082.      0.  2.9258E-02  1.3166E-02
34-Se- 83    34083.      0.  3.4106E-02  1.0914E-02
34-Se- 83-M  34083.      1.  8.0001E-03  5.1201E-03
34-Se- 84    34084.      0.  5.2983E-02  1.2186E-02
34-Se- 85    34085.      0.  2.1935E-02  7.0193E-03
34-Se- 85-M  34085.      1.  2.1930E-02  7.0175E-03
34-Se- 86    34086.      0.  3.0416E-02  9.7333E-03
34-Se- 87    34087.      0.  6.8614E-03  4.3913E-03
34-Se- 88    34088.      0.  1.1836E-03  7.5749E-04
34-Se- 89    34089.      0.  1.1071E-04  7.0854E-05
34-Se- 90    34090.      0.  8.1090E-06  5.1897E-06
34-Se- 91    34091.      0.  2.1700E-07  1.3888E-07
34-Se- 92    34092.      0.  3.5200E-09  2.2528E-09
34-Se- 93    34093.      0.  4.1840E-12  2.6777E-12
34-Se- 94    34094.      0.  1.0600E-13  6.7840E-14
34-Se- 95    34095.      0.  6.4189E-15  4.1081E-15
34-Se- 96    34096.      0.  0.0000E+00  0.0000E+00
35-Br- 75    35075.      0.  0.0000E+00  0.0000E+00
35-Br- 77    35077.      0.  0.0000E+00  0.0000E+00
35-Br- 77-M  35077.      1.  1.6800E-14  1.0752E-14
35-Br- 78    35078.      0.  4.1600E-12  2.6624E-12
35-Br- 79    35079.      0.  1.4200E-09  9.0880E-10
35-Br- 79-M  35079.      1.  4.7400E-09  3.0336E-09
35-Br- 80    35080.      0.  1.0800E-07  6.9120E-08
35-Br- 80-M  35080.      1.  3.2400E-07  2.0736E-07
35-Br- 81    35081.      0.  2.3780E-05  1.5219E-05
35-Br- 82    35082.      0.  1.6189E-04  1.0361E-04
35-Br- 82-M  35082.      1.  6.9380E-05  4.4403E-05
35-Br- 83    35083.      0.  2.0825E-03  1.3328E-03
35-Br- 84    35084.      0.  1.7600E-03  1.1264E-03
35-Br- 84-M  35084.      1.  3.1291E-03  2.0026E-03
35-Br- 85    35085.      0.  2.0787E-02  6.6518E-03
35-Br- 86    35086.      0.  1.2662E-02  4.0519E-03
35-Br- 86-M  35086.      1.  1.2656E-02  4.0499E-03
35-Br- 87    35087.      0.  3.1772E-02  1.0167E-02
35-Br- 88    35088.      0.  1.0942E-02  3.5015E-03
35-Br- 89    35089.      0.  6.6371E-03  4.2477E-03
35-Br- 90    35090.      0.  1.1100E-03  7.1040E-04
35-Br- 91    35091.      0.  2.1298E-04  1.3631E-04
35-Br- 92    35092.      0.  8.7500E-06  5.6000E-06
35-Br- 93    35093.      0.  4.4800E-07  2.8672E-07
35-Br- 94    35094.      0.  5.1500E-09  3.2960E-09
35-Br- 95    35095.      0.  6.8730E-10  4.3987E-10
35-Br- 96    35096.      0.  5.3100E-13  3.3984E-13
35-Br- 97    35097.      0.  8.1503E-15  5.2162E-15
36-Kr- 77    36077.      0.  0.0000E+00  0.0000E+00
36-Kr- 78    36078.      0.  0.0000E+00  0.0000E+00
36-Kr- 79-M  36079.      1.  6.3500E-14  4.0640E-14
36-Kr- 79    36079.      0.  6.3500E-14  4.0640E-14
36-Kr- 80    36080.      0.  6.7300E-11  4.3072E-11
36-Kr- 81    36081.      0.  7.9900E-09  5.1136E-09
36-Kr- 81-M  36081.      1.  1.1900E-09  7.6160E-10
36-Kr- 82    36082.      0.  6.5200E-07  4.1728E-07
36-Kr- 83    36083.      0.  1.1570E-05  7.4048E-06
36-Kr- 83-M  36083.      1.  2.7200E-06  1.7408E-06
36-Kr- 84    36084.      0.  2.2643E-04  1.4492E-04
36-Kr- 85    36085.      0.  1.5859E-03  1.0150E-03
36-Kr- 85-M  36085.      1.  3.7200E-04  2.3808E-04
36-Kr- 86    36086.      0.  1.3969E-02  4.4699E-03
36-Kr- 87    36087.      0.  3.1596E-02  1.0111E-02
36-Kr- 88    36088.      0.  5.7152E-02  1.8289E-02
36-Kr- 89    36089.      0.  6.1520E-02  1.4150E-02
36-Kr- 90    36090.      0.  5.9803E-02  1.9137E-02
36-Kr- 91    36091.      0.  2.3720E-02  7.5903E-03
36-Kr- 92    36092.      0.  6.7269E-03  4.3052E-03
36-Kr- 93    36093.      0.  8.0323E-04  5.1407E-04
36-Kr- 94    36094.      0.  6.9520E-05  4.4493E-05
36-Kr- 95    36095.      0.  3.9093E-06  2.5020E-06
36-Kr- 96    36096.      0.  1.3900E-07  8.8960E-08
36-Kr- 97    36097.      0.  1.9800E-09  1.2672E-09
36-Kr- 98    36098.      0.  1.1000E-11  7.0400E-12
36-Kr- 99    36099.      0.  0.0000E+00  0.0000E+00
36-Kr-100    36100.      0.  0.0000E+00  0.0000E+00
36-Kr-101    36101.      0.  0.0000E+00  0.0000E+00
36-Kr-102    36102.      0.  0.0000E+00  0.0000E+00
36-Kr-103    36103.      0.  0.0000E+00  0.0000E+00
37-Rb- 79    37079.      0.  0.0000E+00  0.0000E+00
37-Rb- 81    37081.      0.  2.0900E-14  1.3376E-14
37-Rb- 83    37083.      0.  6.4000E-10  4.0960E-10
37-Rb- 84    37084.      0.  2.4900E-08  1.5936E-08
37-Rb- 85    37085.      0.  1.5000E-06  9.6000E-07
37-Rb- 86-M  37086.      1.  1.2320E-05  7.8848E-06
37-Rb- 86    37086.      0.  1.2320E-05  7.8848E-06
37-Rb- 87    37087.      0.  3.6834E-04  2.3574E-04
37-Rb- 88    37088.      0.  1.3585E-03  8.6947E-04
37-Rb- 89    37089.      0.  8.1137E-03  5.1928E-03
37-Rb- 90    37090.      0.  2.6929E-03  1.7234E-03
37-Rb- 90-M  37090.      1.  1.1480E-02  3.6736E-03
37-Rb- 91    37091.      0.  2.9648E-02  9.4874E-03
37-Rb- 92    37092.      0.  1.5874E-02  5.0798E-03
37-Rb- 93    37093.      0.  1.1303E-02  3.6169E-03
37-Rb- 94    37094.      0.  2.1653E-03  1.3858E-03
37-Rb- 95    37095.      0.  8.3307E-04  5.3317E-04
37-Rb- 96    37096.      0.  7.2730E-05  4.6547E-05
37-Rb- 97    37097.      0.  7.6500E-06  4.8960E-06
37-Rb- 98    37098.      0.  1.1000E-07  7.0400E-08
37-Rb- 99    37099.      0.  6.1325E-14  3.9248E-14
37-Rb-100    37100.      0.  0.0000E+00  0.0000E+00
37-Rb-101    37101.      0.  3.8121E-16  2.4397E-16
37-Rb-102    37102.      0.  2.0983E-17  1.3429E-17
37-Rb-103    37103.      0.  5.2917E-17  3.3867E-17
37-Rb-104    37104.      0.  2.1911E-14  1.4023E-14
37-Rb-105    37105.      0.  1.7611E-15  1.1271E-15
38-Sr- 83    38083.      0.  0.0000E+00  0.0000E+00
38-Sr- 84    38084.      0.  7.6600E-13  4.9024E-13
38-Sr- 85-M  38085.      1.  5.5500E-11  3.5520E-11
38-Sr- 85    38085.      0.  5.5500E-11  3.5520E-11
38-Sr- 86    38086.      0.  1.3700E-08  8.7680E-09
38-Sr- 87    38087.      0.  4.0400E-07  2.5856E-07
38-Sr- 87-M  38087.      1.  9.4700E-08  6.0608E-08
38-Sr- 88    38088.      0.  1.3070E-05  8.3648E-06
38-Sr- 89    38089.      0.  1.8106E-04  1.1588E-04
38-Sr- 90    38090.      0.  1.9718E-03  1.2620E-03
38-Sr- 91    38091.      0.  8.0996E-03  5.1837E-03
38-Sr- 92    38092.      0.  2.4478E-02  7.8329E-03
38-Sr- 93    38093.      0.  3.0474E-02  9.7516E-03
38-Sr- 94    38094.      0.  3.2212E-02  1.0308E-02
38-Sr- 95    38095.      0.  2.3524E-02  7.5278E-03
38-Sr- 96    38096.      0.  1.3140E-02  4.2048E-03
38-Sr- 97    38097.      0.  3.0489E-03  1.9513E-03
38-Sr- 98    38098.      0.  3.1807E-04  2.0356E-04
38-Sr- 99    38099.      0.  1.8500E-06  1.1840E-06
38-Sr-100    38100.      0.  1.6000E-07  1.0240E-07
38-Sr-101    38101.      0.  1.1500E-08  7.3600E-09
38-Sr-102    38102.      0.  8.6100E-10  5.5104E-10
38-Sr-103    38103.      0.  1.5964E-09  1.0217E-09
38-Sr-104    38104.      0.  7.2400E-09  4.6336E-09
38-Sr-105    38105.      0.  4.2784E-10  2.7382E-10
38-Sr-106    38106.      0.  1.5744E-14  1.0076E-14
38-Sr-107    38107.      0.  7.3717E-16  4.7179E-16
39-Y - 85    39085.      0.  0.0000E+00  0.0000E+00
39-Y - 87    39087.      0.  4.1100E-12  2.6304E-12
39-Y - 88    39088.      0.  2.6900E-10  1.7216E-10
39-Y - 89    39089.      0.  5.0000E-09  3.2000E-09
39-Y - 89-M  39089.      1.  2.1300E-08  1.3632E-08
39-Y - 90-M  39090.      1.  3.3500E-07  2.1440E-07
39-Y - 90    39090.      0.  3.3500E-07  2.1440E-07
39-Y - 91-M  39091.      1.  1.0390E-05  6.6496E-06
39-Y - 91    39091.      0.  1.0390E-05  6.6496E-06
39-Y - 92    39092.      0.  1.4354E-04  9.1866E-05
39-Y - 93-M  39093.      1.  5.5220E-04  3.5340E-04
39-Y - 93    39093.      0.  5.5220E-04  3.5340E-04
39-Y - 94    39094.      0.  2.2756E-03  1.4564E-03
39-Y - 95    39095.      0.  8.8795E-03  5.6829E-03
39-Y - 96    39096.      0.  8.9350E-04  5.7184E-04
39-Y - 96-M  39096.      1.  8.0414E-03  5.1465E-03
39-Y - 97-M  39097.      1.  5.6970E-03  3.6461E-03
39-Y - 97    39097.      0.  5.6970E-03  3.6461E-03
39-Y - 98    39098.      0.  1.2084E-03  7.7336E-04
39-Y - 98-M  39098.      1.  1.2084E-03  7.7336E-04
39-Y - 99    39099.      0.  1.6671E-03  1.0670E-03
39-Y -100    39100.      0.  2.9030E-04  1.8579E-04
39-Y -101    39101.      0.  1.4109E-04  9.0298E-05
39-Y -102    39102.      0.  2.2350E-05  1.4304E-05
39-Y -103    39103.      0.  8.9084E-06  5.7014E-06
39-Y -104    39104.      0.  5.2900E-06  3.3856E-06
39-Y -105    39105.      0.  1.0726E-06  6.8645E-07
39-Y -106    39106.      0.  1.2394E-09  7.9322E-10
39-Y -107    39107.      0.  7.8933E-11  5.0517E-11
39-Y -108    39108.      0.  9.4421E-15  6.0430E-15
39-Y -109    39109.      0.  1.0521E-16  6.7333E-17
40-Zr- 87    40087.      0.  0.0000E+00  0.0000E+00
40-Zr- 88    40088.      0.  0.0000E+00  0.0000E+00
40-Zr- 89    40089.      0.  3.7200E-13  2.3808E-13
40-Zr- 90-M  40090.      1.  3.5850E-11  2.2944E-11
40-Zr- 90    40090.      0.  3.5850E-11  2.2944E-11
40-Zr- 91    40091.      0.  5.5300E-09  3.5392E-09
40-Zr- 92    40092.      0.  2.9100E-07  1.8624E-07
40-Zr- 93    40093.      0.  5.3100E-06  3.3984E-06
40-Zr- 94    40094.      0.  7.7430E-05  4.9555E-05
40-Zr- 95    40095.      0.  6.4542E-04  4.1307E-04
40-Zr- 96    40096.      0.  3.9852E-03  2.5505E-03
40-Zr- 97    40097.      0.  9.2960E-03  5.9494E-03
40-Zr- 98    40098.      0.  1.0692E-02  3.4214E-03
40-Zr- 99    40099.      0.  1.2520E-02  2.8797E-03
40-Zr-100    40100.      0.  8.8927E-03  4.0017E-03
40-Zr-101    40101.      0.  6.7262E-03  3.0268E-03
40-Zr-102    40102.      0.  5.1650E-03  2.3243E-03
40-Zr-103    40103.      0.  3.8408E-03  2.4581E-03
40-Zr-104    40104.      0.  1.2957E-03  8.2926E-04
40-Zr-105    40105.      0.  1.6782E-04  1.0740E-04
40-Zr-106    40106.      0.  9.5888E-06  6.1368E-06
40-Zr-107    40107.      0.  4.4896E-07  2.8734E-07
40-Zr-108    40108.      0.  3.1200E-09  1.9968E-09
40-Zr-109    40109.      0.  2.5558E-11  1.6358E-11
40-Zr-110    40110.      0.  4.5700E-14  2.9248E-14
40-Zr-111    40111.      0.  3.5132E-16  2.2484E-16
41-Nb- 89    41089.      0.  0.0000E+00  0.0000E+00
41-Nb- 90    41090.      0.  0.0000E+00  0.0000E+00
41-Nb- 91    41091.      0.  0.0000E+00  0.0000E+00
41-Nb- 92    41092.      0.  1.1900E-12  7.6160E-13
41-Nb- 93    41093.      0.  1.3200E-10  8.4480E-11
41-Nb- 93-M  41093.      1.  3.1000E-11  1.9840E-11
41-Nb- 94    41094.      0.  3.6000E-09  2.3040E-09
41-Nb- 94-M  41094.      1.  2.5000E-09  1.6000E-09
41-Nb- 95    41095.      0.  2.9800E-07  1.9072E-07
41-Nb- 95-M  41095.      1.  7.0000E-08  4.4800E-08
41-Nb- 96    41096.      0.  5.5000E-06  3.5200E-06
41-Nb- 97    41097.      0.  6.8350E-05  4.3744E-05
41-Nb- 97-M  41097.      1.  1.6030E-05  1.0259E-05
41-Nb- 98    41098.      0.  1.5706E-04  1.0052E-04
41-Nb- 98-M  41098.      1.  5.2350E-05  3.3504E-05
41-Nb- 99    41099.      0.  1.3640E-05  8.7296E-06
41-Nb- 99-M  41099.      1.  1.5688E-04  1.0040E-04
41-Nb-100    41100.      0.  9.2830E-05  5.9411E-05
41-Nb-100-M  41100.      1.  9.2830E-05  5.9411E-05
41-Nb-101    41101.      0.  6.2543E-04  4.0028E-04
41-Nb-102-M  41102.      1.  3.1332E-04  2.0052E-04
41-Nb-102    41102.      0.  3.1332E-04  2.0052E-04
41-Nb-103    41103.      0.  1.8353E-03  1.1746E-03
41-Nb-104-M  41104.      1.  5.7156E-04  3.6580E-04
41-Nb-104    41104.      0.  5.7156E-04  3.6580E-04
41-Nb-105    41105.      0.  1.1013E-03  7.0485E-04
41-Nb-106    41106.      0.  1.6712E-04  1.0696E-04
41-Nb-107    41107.      0.  3.0961E-05  1.9815E-05
41-Nb-108    41108.      0.  1.5800E-06  1.0112E-06
41-Nb-109    41109.      0.  6.4074E-08  4.1008E-08
41-Nb-110    41110.      0.  7.7200E-10  4.9408E-10
41-Nb-111    41111.      0.  3.7617E-11  2.4075E-11
41-Nb-112    41112.      0.  1.5283E-14  9.7811E-15
41-Nb-113    41113.      0.  3.4139E-16  2.1849E-16
42-Mo- 90    42090.      0.  0.0000E+00  0.0000E+00
42-Mo- 91    42091.      0.  0.0000E+00  0.0000E+00
42-Mo- 92    42092.      0.  0.0000E+00  0.0000E+00
42-Mo- 93-M  42093.      1.  0.0000E+00  0.0000E+00
42-Mo- 93    42093.      0.  0.0000E+00  0.0000E+00
42-Mo- 94    42094.      0.  1.3300E-13  8.5120E-14
42-Mo- 95    42095.      0.  2.0300E-11  1.2992E-11
42-Mo- 96    42096.      0.  2.3600E-09  1.5104E-09
42-Mo- 97    42097.      0.  8.8300E-08  5.6512E-08
42-Mo- 98    42098.      0.  1.6300E-06  1.0432E-06
42-Mo- 99    42099.      0.  7.9700E-09  5.1008E-09
42-Mo-100    42100.      0.  5.4900E-08  3.5136E-08
42-Mo-101    42101.      0.  4.0700E-07  2.6048E-07
42-Mo-102    42102.      0.  2.4300E-06  1.5552E-06
42-Mo-103    42103.      0.  1.4360E-05  9.1904E-06
42-Mo-104    42104.      0.  6.6979E-04  4.2867E-04
42-Mo-105    42105.      0.  1.5008E-03  9.6050E-04
42-Mo-106    42106.      0.  1.4908E-03  9.5409E-04
42-Mo-107    42107.      0.  6.9035E-04  4.4182E-04
42-Mo-108    42108.      0.  2.7599E-04  1.7663E-04
42-Mo-109    42109.      0.  3.2740E-05  2.0954E-05
42-Mo-110    42110.      0.  3.7200E-06  2.3808E-06
42-Mo-111    42111.      0.  2.1396E-07  1.3694E-07
42-Mo-112    42112.      0.  5.0500E-09  3.2320E-09
42-Mo-113    42113.      0.  8.2936E-11  5.3079E-11
42-Mo-114    42114.      0.  3.6100E-13  2.3104E-13
42-Mo-115    42115.      0.  9.1769E-16  5.8732E-16
42-Mo-116    42116.      0.  0.0000E+00  0.0000E+00
43-Tc- 93    43093.      0.  0.0000E+00  0.0000E+00
43-Tc- 95    43095.      0.  0.0000E+00  0.0000E+00
43-Tc- 95-M  43095.      1.  0.0000E+00  0.0000E+00
43-Tc- 97-M  43097.      1.  2.7950E-13  1.7888E-13
43-Tc- 97    43097.      0.  2.7950E-13  1.7888E-13
43-Tc- 98    43098.      0.  2.6800E-11  1.7152E-11
43-Tc- 99    43099.      0.  0.0000E+00  0.0000E+00
43-Tc- 99-M  43099.      1.  0.0000E+00  0.0000E+00
43-Tc-100    43100.      0.  0.0000E+00  0.0000E+00
43-Tc-101    43101.      0.  3.0100E-14  1.9264E-14
43-Tc-102    43102.      0.  1.9800E-13  1.2672E-13
43-Tc-102-M  43102.      1.  1.9800E-13  1.2672E-13
43-Tc-103    43103.      0.  1.6700E-11  1.0688E-11
43-Tc-104    43104.      0.  1.2700E-06  8.1280E-07
43-Tc-105    43105.      0.  2.5150E-05  1.6096E-05
43-Tc-106    43106.      0.  6.4250E-05  4.1120E-05
43-Tc-107    43107.      0.  2.0755E-04  1.3283E-04
43-Tc-108    43108.      0.  1.8233E-04  1.1669E-04
43-Tc-109    43109.      0.  1.5160E-04  9.7024E-05
43-Tc-110    43110.      0.  4.4790E-05  2.8666E-05
43-Tc-111    43111.      0.  2.1690E-05  1.3882E-05
43-Tc-112    43112.      0.  1.5900E-06  1.0176E-06
43-Tc-113    43113.      0.  2.0792E-07  1.3307E-07
43-Tc-114    43114.      0.  3.2100E-09  2.0544E-09
43-Tc-115    43115.      0.  9.8261E-11  6.2887E-11
43-Tc-116    43116.      0.  5.8800E-13  3.7632E-13
43-Tc-117    43117.      0.  4.6103E-15  2.9506E-15
43-Tc-118    43118.      0.  8.5040E-17  5.4425E-17
44-Ru- 95    44095.      0.  0.0000E+00  0.0000E+00
44-Ru- 96    44096.      0.  0.0000E+00  0.0000E+00
44-Ru- 97    44097.      0.  0.0000E+00  0.0000E+00
44-Ru- 98    44098.      0.  0.0000E+00  0.0000E+00
44-Ru- 99    44099.      0.  0.0000E+00  0.0000E+00
44-Ru-100    44100.      0.  0.0000E+00  0.0000E+00
44-Ru-101    44101.      0.  0.0000E+00  0.0000E+00
44-Ru-102    44102.      0.  0.0000E+00  0.0000E+00
44-Ru-103    44103.      0.  0.0000E+00  0.0000E+00
44-Ru-104    44104.      0.  7.5900E-10  4.8576E-10
44-Ru-105    44105.      0.  5.0800E-08  3.2512E-08
44-Ru-106    44106.      0.  1.2100E-06  7.7440E-07
44-Ru-107    44107.      0.  1.1590E-05  7.4176E-06
44-Ru-108    44108.      0.  7.8880E-05  5.0483E-05
44-Ru-109-M  44109.      1.  7.5640E-05  4.8410E-05
44-Ru-109    44109.      0.  7.5640E-05  4.8410E-05
44-Ru-110    44110.      0.  2.9555E-04  1.8915E-04
44-Ru-111    44111.      0.  3.1944E-04  2.0444E-04
44-Ru-112    44112.      0.  1.7990E-04  1.1514E-04
44-Ru-113    44113.      0.  6.2740E-05  4.0154E-05
44-Ru-114    44114.      0.  8.3200E-06  5.3248E-06
44-Ru-115    44115.      0.  5.5890E-07  3.5770E-07
44-Ru-116    44116.      0.  3.6600E-08  2.3424E-08
44-Ru-117    44117.      0.  1.1200E-09  7.1680E-10
44-Ru-118    44118.      0.  2.8100E-11  1.7984E-11
44-Ru-119    44119.      0.  2.0900E-13  1.3376E-13
44-Ru-120    44120.      0.  0.0000E+00  0.0000E+00
44-Ru-121    44121.      0.  1.4756E-17  9.4438E-18
44-Ru-122    44122.      0.  0.0000E+00  0.0000E+00
44-Ru-124    44124.      0.  0.0000E+00  0.0000E+00
45-Rh- 99    45099.      0.  0.0000E+00  0.0000E+00
45-Rh-101    45101.      0.  0.0000E+00  0.0000E+00
45-Rh-101-M  45101.      1.  0.0000E+00  0.0000E+00
45-Rh-102    45102.      0.  0.0000E+00  0.0000E+00
45-Rh-102-M  45102.      1.  0.0000E+00  0.0000E+00
45-Rh-103    45103.      0.  0.0000E+00  0.0000E+00
45-Rh-103-M  45103.      1.  0.0000E+00  0.0000E+00
45-Rh-104    45104.      0.  0.0000E+00  0.0000E+00
45-Rh-104-M  45104.      1.  0.0000E+00  0.0000E+00
45-Rh-105    45105.      0.  5.4200E-13  3.4688E-13
45-Rh-105-M  45105.      1.  8.1000E-14  5.1840E-14
45-Rh-106    45106.      0.  2.3200E-11  1.4848E-11
45-Rh-106-M  45106.      1.  2.3200E-11  1.4848E-11
45-Rh-107    45107.      0.  4.9600E-09  3.1744E-09
45-Rh-108    45108.      0.  5.2500E-08  3.3600E-08
45-Rh-108-M  45108.      1.  5.2500E-08  3.3600E-08
45-Rh-109    45109.      0.  8.7900E-07  5.6256E-07
45-Rh-109-M  45109.      1.  8.7900E-07  5.6256E-07
45-Rh-110    45110.      0.  4.4800E-06  2.8672E-06
45-Rh-110-M  45110.      1.  4.4800E-06  2.8672E-06
45-Rh-111    45111.      0.  6.6150E-05  4.2336E-05
45-Rh-112    45112.      0.  8.1910E-05  5.2422E-05
45-Rh-113    45113.      0.  1.8407E-04  1.1781E-04
45-Rh-114    45114.      0.  5.7360E-05  3.6710E-05
45-Rh-115    45115.      0.  2.9170E-05  1.8669E-05
45-Rh-116    45116.      0.  4.8300E-06  3.0912E-06
45-Rh-117    45117.      0.  1.1800E-06  7.5520E-07
45-Rh-118    45118.      0.  7.5300E-08  4.8192E-08
45-Rh-119    45119.      0.  4.5300E-09  2.8992E-09
45-Rh-120    45120.      0.  7.0500E-11  4.5120E-11
45-Rh-121    45121.      0.  1.5800E-12  1.0112E-12
45-Rh-122    45122.      0.  0.0000E+00  0.0000E+00
45-Rh-123    45123.      0.  0.0000E+00  0.0000E+00
45-Rh-124    45124.      0.  0.0000E+00  0.0000E+00
46-Pd- 99    46099.      0.  0.0000E+00  0.0000E+00
46-Pd-101    46101.      0.  0.0000E+00  0.0000E+00
46-Pd-102    46102.      0.  0.0000E+00  0.0000E+00
46-Pd-103    46103.      0.  0.0000E+00  0.0000E+00
46-Pd-104    46104.      0.  0.0000E+00  0.0000E+00
46-Pd-105    46105.      0.  0.0000E+00  0.0000E+00
46-Pd-106    46106.      0.  0.0000E+00  0.0000E+00
46-Pd-107    46107.      0.  7.0700E-14  4.5248E-14
46-Pd-107-M  46107.      1.  1.3100E-13  8.3840E-14
46-Pd-108    46108.      0.  4.3400E-11  2.7776E-11
46-Pd-109    46109.      0.  8.3200E-10  5.3248E-10
46-Pd-109-M  46109.      1.  1.5500E-09  9.9200E-10
46-Pd-110    46110.      0.  1.1500E-07  7.3600E-08
46-Pd-111    46111.      0.  8.3800E-07  5.3632E-07
46-Pd-111-M  46111.      1.  1.5600E-06  9.9840E-07
46-Pd-112    46112.      0.  2.3710E-05  1.5174E-05
46-Pd-113    46113.      0.  1.1911E-04  7.6230E-05
46-Pd-114    46114.      0.  2.3317E-04  1.4923E-04
46-Pd-115    46115.      0.  2.4297E-04  1.5550E-04
46-Pd-116    46116.      0.  2.5241E-04  1.6154E-04
46-Pd-117    46117.      0.  1.4080E-04  9.0112E-05
46-Pd-118    46118.      0.  6.2140E-05  3.9770E-05
46-Pd-119    46119.      0.  9.3900E-06  6.0096E-06
46-Pd-120    46120.      0.  1.1500E-06  7.3600E-07
46-Pd-121    46121.      0.  7.1000E-08  4.5440E-08
46-Pd-122    46122.      0.  2.1000E-09  1.3440E-09
46-Pd-123    46123.      0.  2.9600E-11  1.8944E-11
46-Pd-124    46124.      0.  0.0000E+00  0.0000E+00
46-Pd-125    46125.      0.  0.0000E+00  0.0000E+00
46-Pd-126    46126.      0.  0.0000E+00  0.0000E+00
46-Pd-128    46128.      0.  0.0000E+00  0.0000E+00
46-Pd-130    46130.      0.  0.0000E+00  0.0000E+00
47-Ag-103    47103.      0.  0.0000E+00  0.0000E+00
47-Ag-105    47105.      0.  0.0000E+00  0.0000E+00
47-Ag-105-M  47105.      1.  0.0000E+00  0.0000E+00
47-Ag-106    47106.      0.  0.0000E+00  0.0000E+00
47-Ag-106-M  47106.      1.  0.0000E+00  0.0000E+00
47-Ag-107    47107.      0.  0.0000E+00  0.0000E+00
47-Ag-107-M  47107.      1.  0.0000E+00  0.0000E+00
47-Ag-108-M  47108.      1.  0.0000E+00  0.0000E+00
47-Ag-108    47108.      0.  0.0000E+00  0.0000E+00
47-Ag-109-M  47109.      1.  1.0250E-14  6.5600E-15
47-Ag-109    47109.      0.  1.0250E-14  6.5600E-15
47-Ag-110    47110.      0.  9.5600E-13  6.1184E-13
47-Ag-110-M  47110.      1.  2.2300E-12  1.4272E-12
47-Ag-111    47111.      0.  8.2700E-11  5.2928E-11
47-Ag-111-M  47111.      1.  5.5300E-10  3.5392E-10
47-Ag-112    47112.      0.  1.9900E-08  1.2736E-08
47-Ag-113    47113.      0.  1.0900E-07  6.9760E-08
47-Ag-113-M  47113.      1.  7.2600E-07  4.6464E-07
47-Ag-114    47114.      0.  4.1500E-06  2.6560E-06
47-Ag-115    47115.      0.  1.4450E-05  9.2480E-06
47-Ag-115-M  47115.      1.  1.4450E-05  9.2480E-06
47-Ag-116    47116.      0.  2.9070E-05  1.8605E-05
47-Ag-116-M  47116.      1.  2.9070E-05  1.8605E-05
47-Ag-117    47117.      0.  9.3230E-05  5.9667E-05
47-Ag-117-M  47117.      1.  9.3230E-05  5.9667E-05
47-Ag-118    47118.      0.  7.7980E-05  4.9907E-05
47-Ag-118-M  47118.      1.  7.7980E-05  4.9907E-05
47-Ag-119    47119.      0.  1.5060E-04  9.6384E-05
47-Ag-120-M  47120.      1.  2.1205E-05  1.3571E-05
47-Ag-120    47120.      0.  2.1205E-05  1.3571E-05
47-Ag-121    47121.      0.  2.0170E-05  1.2909E-05
47-Ag-122-M  47122.      1.  8.2500E-07  5.2800E-07
47-Ag-122    47122.      0.  8.2500E-07  5.2800E-07
47-Ag-123    47123.      0.  2.0800E-07  1.3312E-07
47-Ag-124    47124.      0.  1.5000E-12  9.6000E-13
47-Ag-125    47125.      0.  1.4400E-13  9.2160E-14
47-Ag-126    47126.      0.  0.0000E+00  0.0000E+00
47-Ag-127    47127.      0.  0.0000E+00  0.0000E+00
47-Ag-128    47128.      0.  0.0000E+00  0.0000E+00
47-Ag-129    47129.      0.  2.8938E-12  1.8520E-12
47-Ag-130    47130.      0.  1.0300E-13  6.5920E-14
47-Ag-131    47131.      0.  2.9102E-15  1.8626E-15
48-Cd-105    48105.      0.  0.0000E+00  0.0000E+00
48-Cd-106    48106.      0.  0.0000E+00  0.0000E+00
48-Cd-107    48107.      0.  0.0000E+00  0.0000E+00
48-Cd-108    48108.      0.  0.0000E+00  0.0000E+00
48-Cd-109    48109.      0.  0.0000E+00  0.0000E+00
48-Cd-110    48110.      0.  0.0000E+00  0.0000E+00
48-Cd-111    48111.      0.  0.0000E+00  0.0000E+00
48-Cd-111-M  48111.      1.  1.2200E-14  7.8080E-15
48-Cd-112    48112.      0.  5.0600E-12  3.2384E-12
48-Cd-113    48113.      0.  1.5000E-10  9.6000E-11
48-Cd-113-M  48113.      1.  5.0100E-10  3.2064E-10
48-Cd-114    48114.      0.  2.8900E-08  1.8496E-08
48-Cd-115    48115.      0.  1.2600E-07  8.0640E-08
48-Cd-115-M  48115.      1.  4.2100E-07  2.6944E-07
48-Cd-116    48116.      0.  7.8200E-06  5.0048E-06
48-Cd-117    48117.      0.  1.2450E-05  7.9680E-06
48-Cd-117-M  48117.      1.  4.1680E-05  2.6675E-05
48-Cd-118    48118.      0.  2.5498E-04  1.6319E-04
48-Cd-119    48119.      0.  2.2786E-04  1.4583E-04
48-Cd-119-M  48119.      1.  2.2786E-04  1.4583E-04
48-Cd-120    48120.      0.  7.3251E-04  4.6881E-04
48-Cd-121-M  48121.      1.  3.6738E-04  2.3512E-04
48-Cd-121    48121.      0.  3.6738E-04  2.3512E-04
48-Cd-122    48122.      0.  4.3273E-04  2.7695E-04
48-Cd-123    48123.      0.  1.4598E-04  9.3427E-05
48-Cd-124    48124.      0.  4.0800E-06  2.6112E-06
48-Cd-125    48125.      0.  7.9800E-07  5.1072E-07
48-Cd-126    48126.      0.  1.6100E-07  1.0304E-07
48-Cd-127    48127.      0.  2.3400E-08  1.4976E-08
48-Cd-128    48128.      0.  2.8100E-09  1.7984E-09
48-Cd-129    48129.      0.  7.0300E-07  4.4992E-07
48-Cd-130    48130.      0.  3.9400E-08  2.5216E-08
48-Cd-131    48131.      0.  7.0700E-10  4.5248E-10
48-Cd-132    48132.      0.  7.4400E-12  4.7616E-12
48-Cd-133    48133.      0.  4.0065E-14  2.5642E-14
48-Cd-134    48134.      0.  0.0000E+00  0.0000E+00
48-Cd-136    48136.      0.  0.0000E+00  0.0000E+00
49-In-107    49107.      0.  0.0000E+00  0.0000E+00
49-In-109    49109.      0.  0.0000E+00  0.0000E+00
49-In-111    49111.      0.  0.0000E+00  0.0000E+00
49-In-112    49112.      0.  0.0000E+00  0.0000E+00
49-In-112-M  49112.      1.  0.0000E+00  0.0000E+00
49-In-113    49113.      0.  0.0000E+00  0.0000E+00
49-In-113-M  49113.      1.  0.0000E+00  0.0000E+00
49-In-114    49114.      0.  1.0600E-13  6.7840E-14
49-In-114-M  49114.      1.  3.1900E-13  2.0416E-13
49-In-115    49115.      0.  5.8400E-11  3.7376E-11
49-In-115-M  49115.      1.  1.3700E-11  8.7680E-12
49-In-116-N  49116.      2.  9.2667E-10  5.9307E-10
49-In-116    49116.      0.  9.2667E-10  5.9307E-10
49-In-116-M  49116.      1.  9.2667E-10  5.9307E-10
49-In-117    49117.      0.  1.2100E-07  7.7440E-08
49-In-117-M  49117.      1.  2.8300E-08  1.8112E-08
49-In-118-N  49118.      2.  1.9950E-07  1.2768E-07
49-In-118    49118.      0.  1.2000E-06  7.6800E-07
49-In-118-M  49118.      1.  1.9950E-07  1.2768E-07
49-In-119    49119.      0.  1.5140E-05  9.6896E-06
49-In-119-M  49119.      1.  3.5500E-06  2.2720E-06
49-In-120-N  49120.      2.  1.9967E-05  1.2779E-05
49-In-120    49120.      0.  1.9967E-05  1.2779E-05
49-In-120-M  49120.      1.  1.9967E-05  1.2779E-05
49-In-121    49121.      0.  2.8200E-04  1.8048E-04
49-In-121-M  49121.      1.  6.6150E-05  4.2336E-05
49-In-122-N  49122.      2.  1.3491E-04  8.6345E-05
49-In-122    49122.      0.  1.3491E-04  8.6345E-05
49-In-122-M  49122.      1.  1.3491E-04  8.6345E-05
49-In-123    49123.      0.  7.2420E-04  4.6349E-04
49-In-123-M  49123.      1.  1.6987E-04  1.0872E-04
49-In-124-M  49124.      1.  2.5488E-04  1.6312E-04
49-In-124    49124.      0.  2.5488E-04  1.6312E-04
49-In-125    49125.      0.  2.6851E-04  1.7185E-04
49-In-125-M  49125.      1.  2.6851E-04  1.7185E-04
49-In-126-M  49126.      1.  1.0828E-04  6.9299E-05
49-In-126    49126.      0.  1.0828E-04  6.9299E-05
49-In-127    49127.      0.  9.0670E-05  5.8029E-05
49-In-127-M  49127.      1.  9.0670E-05  5.8029E-05
49-In-128-M  49128.      1.  2.4815E-05  1.5882E-05
49-In-128    49128.      0.  2.4815E-05  1.5882E-05
49-In-129    49129.      0.  1.1135E-04  7.1264E-05
49-In-129-M  49129.      1.  1.1135E-04  7.1264E-05
49-In-130-N  49130.      2.  9.9600E-06  6.3744E-06
49-In-130-M  49130.      1.  9.9600E-06  6.3744E-06
49-In-130    49130.      0.  9.9600E-06  6.3744E-06
49-In-131-M  49131.      1.  1.9800E-06  1.2672E-06
49-In-131    49131.      0.  1.9800E-06  1.2672E-06
49-In-132    49132.      0.  1.0800E-07  6.9120E-08
49-In-133    49133.      0.  4.2900E-09  2.7456E-09
49-In-134    49134.      0.  4.2400E-11  2.7136E-11
49-In-135    49135.      0.  4.6514E-13  2.9769E-13
49-In-136    49136.      0.  0.0000E+00  0.0000E+00
50-Sn-111    50111.      0.  0.0000E+00  0.0000E+00
50-Sn-112    50112.      0.  0.0000E+00  0.0000E+00
50-Sn-113-M  50113.      1.  0.0000E+00  0.0000E+00
50-Sn-113    50113.      0.  0.0000E+00  0.0000E+00
50-Sn-114    50114.      0.  0.0000E+00  0.0000E+00
50-Sn-115    50115.      0.  0.0000E+00  0.0000E+00
50-Sn-116    50116.      0.  2.8600E-13  1.8304E-13
50-Sn-117-M  50117.      1.  2.1400E-11  1.3696E-11
50-Sn-117    50117.      0.  2.1400E-11  1.3696E-11
50-Sn-118    50118.      0.  3.4800E-09  2.2272E-09
50-Sn-119    50119.      0.  2.3800E-08  1.5232E-08
50-Sn-119-M  50119.      1.  7.9800E-08  5.1072E-08
50-Sn-120    50120.      0.  2.4200E-06  1.5488E-06
50-Sn-121    50121.      0.  9.5100E-06  6.0864E-06
50-Sn-121-M  50121.      1.  2.3280E-05  1.4899E-05
50-Sn-122    50122.      0.  2.5179E-04  1.6115E-04
50-Sn-123    50123.      0.  8.1920E-04  5.2429E-04
50-Sn-123-M  50123.      1.  3.3460E-04  2.1414E-04
50-Sn-124    50124.      0.  2.6175E-03  1.6752E-03
50-Sn-125    50125.      0.  3.4613E-03  1.1076E-03
50-Sn-125-M  50125.      1.  9.6598E-04  6.1823E-04
50-Sn-126    50126.      0.  5.3841E-03  1.7229E-03
50-Sn-127    50127.      0.  4.3479E-03  2.7827E-03
50-Sn-127-M  50127.      1.  1.7809E-03  1.1398E-03
50-Sn-128-M  50128.      1.  4.2022E-03  2.6894E-03
50-Sn-128    50128.      0.  4.2022E-03  2.6894E-03
50-Sn-129    50129.      0.  6.3405E-03  4.0579E-03
50-Sn-129-M  50129.      1.  2.5896E-03  1.6573E-03
50-Sn-130-M  50130.      1.  3.7858E-03  2.4229E-03
50-Sn-130    50130.      0.  3.7858E-03  2.4229E-03
50-Sn-131-M  50131.      1.  1.1244E-03  7.1964E-04
50-Sn-131    50131.      0.  1.1244E-03  7.1964E-04
50-Sn-132    50132.      0.  4.4943E-04  2.8763E-04
50-Sn-133    50133.      0.  4.6570E-05  2.9805E-05
50-Sn-134    50134.      0.  3.5600E-06  2.2784E-06
50-Sn-135    50135.      0.  1.1300E-07  7.2320E-08
50-Sn-136    50136.      0.  1.9600E-09  1.2544E-09
50-Sn-137    50137.      0.  1.0700E-11  6.8480E-12
50-Sn-138    50138.      0.  5.1200E-14  3.2768E-14
51-Sb-113    51113.      0.  0.0000E+00  0.0000E+00
51-Sb-115    51115.      0.  0.0000E+00  0.0000E+00
51-Sb-117    51117.      0.  0.0000E+00  0.0000E+00
51-Sb-118    51118.      0.  0.0000E+00  0.0000E+00
51-Sb-118-M  51118.      1.  0.0000E+00  0.0000E+00
51-Sb-119    51119.      0.  3.7100E-12  2.3744E-12
51-Sb-120    51120.      0.  9.4100E-11  6.0224E-11
51-Sb-120-M  51120.      1.  1.3500E-10  8.6400E-11
51-Sb-121    51121.      0.  2.5100E-08  1.6064E-08
51-Sb-122    51122.      0.  2.4000E-07  1.5360E-07
51-Sb-122-M  51122.      1.  2.7100E-07  1.7344E-07
51-Sb-123    51123.      0.  1.8060E-05  1.1558E-05
51-Sb-124-N  51124.      2.  1.9467E-06  1.2459E-06
51-Sb-124    51124.      0.  1.9467E-06  1.2459E-06
51-Sb-124-M  51124.      1.  1.9467E-06  1.2459E-06
51-Sb-125    51125.      0.  3.5580E-05  2.2771E-05
51-Sb-126-N  51126.      2.  2.8380E-05  1.8163E-05
51-Sb-126    51126.      0.  3.3330E-05  2.1331E-05
51-Sb-126-M  51126.      1.  2.8380E-05  1.8163E-05
51-Sb-127    51127.      0.  4.2127E-04  2.6961E-04
51-Sb-128    51128.      0.  2.9846E-04  1.9102E-04
51-Sb-128-M  51128.      1.  5.0818E-04  3.2524E-04
51-Sb-129    51129.      0.  4.6545E-03  2.9789E-03
51-Sb-130    51130.      0.  2.5451E-03  1.6288E-03
51-Sb-130-M  51130.      1.  4.3335E-03  2.7734E-03
51-Sb-131    51131.      0.  1.1426E-02  3.6564E-03
51-Sb-132    51132.      0.  2.7504E-03  1.7603E-03
51-Sb-132-M  51132.      1.  1.9917E-03  1.2747E-03
51-Sb-133    51133.      0.  3.4393E-03  2.2011E-03
51-Sb-134-M  51134.      1.  3.1383E-04  2.0085E-04
51-Sb-134    51134.      0.  3.1383E-04  2.0085E-04
51-Sb-135    51135.      0.  1.4799E-04  9.4714E-05
51-Sb-136    51136.      0.  6.8300E-06  4.3712E-06
51-Sb-137    51137.      0.  2.9000E-07  1.8560E-07
51-Sb-138    51138.      0.  3.6500E-09  2.3360E-09
51-Sb-139    51139.      0.  7.4100E-11  4.7424E-11
51-Sb-140    51140.      0.  4.5092E-13  2.8859E-13
51-Sb-141    51141.      0.  1.4952E-14  9.5694E-15
52-Te-115    52115.      0.  0.0000E+00  0.0000E+00
52-Te-117    52117.      0.  0.0000E+00  0.0000E+00
52-Te-118    52118.      0.  0.0000E+00  0.0000E+00
52-Te-119    52119.      0.  0.0000E+00  0.0000E+00
52-Te-120    52120.      0.  0.0000E+00  0.0000E+00
52-Te-121-M  52121.      1.  9.3500E-13  5.9840E-13
52-Te-121    52121.      0.  9.3500E-13  5.9840E-13
52-Te-122    52122.      0.  3.3000E-10  2.1120E-10
52-Te-123    52123.      0.  7.8000E-09  4.9920E-09
52-Te-123-M  52123.      1.  2.6100E-08  1.6704E-08
52-Te-124    52124.      0.  1.0100E-10  6.4640E-11
52-Te-125    52125.      0.  2.8100E-10  1.7984E-10
52-Te-125-M  52125.      1.  9.4200E-10  6.0288E-10
52-Te-126    52126.      0.  1.9700E-08  1.2608E-08
52-Te-127    52127.      0.  5.1700E-08  3.3088E-08
52-Te-127-M  52127.      1.  1.2600E-07  8.0640E-08
52-Te-128    52128.      0.  2.1800E-06  1.3952E-06
52-Te-129    52129.      0.  1.3859E-04  8.8698E-05
52-Te-129-M  52129.      1.  3.3930E-04  2.1715E-04
52-Te-130    52130.      0.  4.1526E-03  2.6576E-03
52-Te-131    52131.      0.  3.6032E-03  2.3060E-03
52-Te-131-M  52131.      1.  8.8216E-03  5.6458E-03
52-Te-132    52132.      0.  2.7907E-02  3.0698E-03
52-Te-133    52133.      0.  1.1190E-02  3.5807E-03
52-Te-133-M  52133.      1.  2.7395E-02  8.7665E-03
52-Te-134    52134.      0.  4.2283E-02  1.3530E-02
52-Te-135    52135.      0.  2.1613E-02  6.9162E-03
52-Te-136    52136.      0.  7.2206E-03  4.6212E-03
52-Te-137    52137.      0.  7.4892E-04  4.7931E-04
52-Te-138    52138.      0.  7.1390E-05  4.5690E-05
52-Te-139    52139.      0.  3.7300E-06  2.3872E-06
52-Te-140    52140.      0.  1.4900E-07  9.5360E-08
52-Te-141    52141.      0.  3.6324E-09  2.3247E-09
52-Te-142    52142.      0.  9.6400E-12  6.1696E-12
52-Te-143    52143.      0.  8.4496E-14  5.4078E-14
53-I -121    53121.      0.  0.0000E+00  0.0000E+00
53-I -123    53123.      0.  3.9300E-13  2.5152E-13
53-I -125    53125.      0.  0.0000E+00  0.0000E+00
53-I -126    53126.      0.  0.0000E+00  0.0000E+00
53-I -127    53127.      0.  0.0000E+00  0.0000E+00
53-I -128    53128.      0.  2.4000E-13  1.5360E-13
53-I -129    53129.      0.  4.0700E-07  2.6048E-07
53-I -130    53130.      0.  5.6900E-06  3.6416E-06
53-I -130-M  53130.      1.  2.4400E-06  1.5616E-06
53-I -131    53131.      0.  1.5948E-04  1.0207E-04
53-I -132-M  53132.      1.  3.8961E-04  2.4935E-04
53-I -132    53132.      0.  3.8961E-04  2.4935E-04
53-I -133-M  53133.      1.  3.0772E-03  1.9694E-03
53-I -133    53133.      0.  3.0772E-03  1.9694E-03
53-I -134    53134.      0.  7.0892E-03  4.5371E-03
53-I -134-M  53134.      1.  5.1336E-03  3.2855E-03
53-I -135    53135.      0.  3.4055E-02  1.0898E-02
53-I -136    53136.      0.  1.1248E-02  3.5995E-03
53-I -136-M  53136.      1.  1.1238E-02  3.5963E-03
53-I -137    53137.      0.  1.4650E-02  4.6880E-03
53-I -138    53138.      0.  3.1461E-03  2.0135E-03
53-I -139    53139.      0.  1.1823E-03  7.5665E-04
53-I -140    53140.      0.  1.1716E-04  7.4982E-05
53-I -141    53141.      0.  9.1064E-06  5.8281E-06
53-I -142    53142.      0.  1.6300E-07  1.0432E-07
53-I -143    53143.      0.  9.0474E-09  5.7904E-09
53-I -144    53144.      0.  7.6566E-12  4.9002E-12
53-I -145    53145.      0.  1.3049E-13  8.3512E-14
53-I -146    53146.      0.  4.5092E-16  2.8859E-16
54-Xe-124    54124.      0.  0.0000E+00  0.0000E+00
54-Xe-125-M  54125.      1.  0.0000E+00  0.0000E+00
54-Xe-125    54125.      0.  0.0000E+00  0.0000E+00
54-Xe-126    54126.      0.  0.0000E+00  0.0000E+00
54-Xe-127-M  54127.      1.  0.0000E+00  0.0000E+00
54-Xe-127    54127.      0.  0.0000E+00  0.0000E+00
54-Xe-128    54128.      0.  0.0000E+00  0.0000E+00
54-Xe-129-M  54129.      1.  1.6950E-11  1.0848E-11
54-Xe-129    54129.      0.  1.6950E-11  1.0848E-11
54-Xe-130    54130.      0.  5.0600E-09  3.2384E-09
54-Xe-131    54131.      0.  7.0100E-08  4.4864E-08
54-Xe-131-M  54131.      1.  1.7200E-07  1.1008E-07
54-Xe-132    54132.      0.  8.6500E-06  5.5360E-06
54-Xe-133    54133.      0.  4.7850E-05  3.0624E-05
54-Xe-133-M  54133.      1.  1.1715E-04  7.4976E-05
54-Xe-134    54134.      0.  6.3912E-04  4.0904E-04
54-Xe-134-M  54134.      1.  1.4913E-03  9.5441E-04
54-Xe-135    54135.      0.  3.4375E-03  2.2000E-03
54-Xe-135-M  54135.      1.  8.4152E-03  5.3857E-03
54-Xe-136    54136.      0.  4.4944E-02  1.4382E-02
54-Xe-137    54137.      0.  5.2566E-02  1.6821E-02
54-Xe-138    54138.      0.  6.3070E-02  2.0182E-02
54-Xe-139    54139.      0.  4.7404E-02  1.5169E-02
54-Xe-140    54140.      0.  3.0721E-02  9.8308E-03
54-Xe-141    54141.      0.  5.7544E-03  3.6828E-03
54-Xe-142    54142.      0.  7.8377E-04  5.0161E-04
54-Xe-143-M  54143.      1.  2.5731E-05  1.6468E-05
54-Xe-143    54143.      0.  2.5731E-05  1.6468E-05
54-Xe-144    54144.      0.  2.5300E-06  1.6192E-06
54-Xe-145    54145.      0.  3.1700E-08  2.0288E-08
54-Xe-146    54146.      0.  1.4900E-10  9.5360E-11
54-Xe-147    54147.      0.  2.3968E-14  1.5340E-14
54-Xe-148    54148.      0.  0.0000E+00  0.0000E+00
54-Xe-150    54150.      0.  0.0000E+00  0.0000E+00
55-Cs-127    55127.      0.  0.0000E+00  0.0000E+00
55-Cs-129    55129.      0.  0.0000E+00  0.0000E+00
55-Cs-131    55131.      0.  2.2300E-12  1.4272E-12
55-Cs-132    55132.      0.  2.0700E-10  1.3248E-10
55-Cs-133    55133.      0.  3.1500E-08  2.0160E-08
55-Cs-134-M  55134.      1.  5.0500E-07  3.2320E-07
55-Cs-134    55134.      0.  5.0500E-07  3.2320E-07
55-Cs-135-M  55135.      1.  2.0145E-05  1.2893E-05
55-Cs-135    55135.      0.  2.0145E-05  1.2893E-05
55-Cs-136-M  55136.      1.  4.9690E-04  3.1802E-04
55-Cs-136    55136.      0.  4.9690E-04  3.1802E-04
55-Cs-137    55137.      0.  2.6009E-03  1.6646E-03
55-Cs-138    55138.      0.  2.9864E-03  1.9113E-03
55-Cs-138-M  55138.      1.  2.9864E-03  1.9113E-03
55-Cs-139    55139.      0.  2.4458E-02  7.8267E-03
55-Cs-140    55140.      0.  2.8735E-02  9.1954E-03
55-Cs-141    55141.      0.  3.2091E-02  1.0269E-02
55-Cs-142    55142.      0.  9.4435E-03  6.0438E-03
55-Cs-143    55143.      0.  4.3712E-03  2.7976E-03
55-Cs-144    55144.      0.  5.3313E-04  3.4120E-04
55-Cs-145    55145.      0.  5.0210E-05  3.2134E-05
55-Cs-146    55146.      0.  6.2600E-07  4.0064E-07
55-Cs-147    55147.      0.  2.5664E-09  1.6425E-09
55-Cs-148    55148.      0.  1.0400E-11  6.6560E-12
55-Cs-149    55149.      0.  1.6177E-14  1.0353E-14
55-Cs-150    55150.      0.  0.0000E+00  0.0000E+00
55-Cs-151    55151.      0.  9.8806E-19  6.3236E-19
56-Ba-129    56129.      0.  0.0000E+00  0.0000E+00
56-Ba-131    56131.      0.  0.0000E+00  0.0000E+00
56-Ba-132    56132.      0.  0.0000E+00  0.0000E+00
56-Ba-133    56133.      0.  5.5800E-13  3.5712E-13
56-Ba-134    56134.      0.  1.4000E-10  8.9600E-11
56-Ba-135-M  56135.      1.  7.2000E-09  4.6080E-09
56-Ba-135    56135.      0.  7.2000E-09  4.6080E-09
56-Ba-136-M  56136.      1.  5.0000E-07  3.2000E-07
56-Ba-136    56136.      0.  5.0000E-07  3.2000E-07
56-Ba-137    56137.      0.  5.2000E-06  3.3280E-06
56-Ba-137-M  56137.      1.  1.2730E-05  8.1472E-06
56-Ba-138    56138.      0.  2.8619E-04  1.8316E-04
56-Ba-139    56139.      0.  2.5369E-03  1.6236E-03
56-Ba-140    56140.      0.  1.7875E-02  5.7199E-03
56-Ba-141    56141.      0.  3.8020E-02  1.2167E-02
56-Ba-142    56142.      0.  6.2289E-02  1.9932E-02
56-Ba-143    56143.      0.  5.5308E-02  1.7699E-02
56-Ba-144    56144.      0.  4.2203E-02  1.3505E-02
56-Ba-145    56145.      0.  8.7001E-03  5.5681E-03
56-Ba-146    56146.      0.  7.9115E-04  5.0634E-04
56-Ba-147    56147.      0.  1.4597E-05  9.3424E-06
56-Ba-148    56148.      0.  2.3600E-07  1.5104E-07
56-Ba-149    56149.      0.  3.9300E-09  2.5152E-09
56-Ba-150    56150.      0.  3.2100E-11  2.0544E-11
56-Ba-151    56151.      0.  2.4003E-13  1.5362E-13
56-Ba-152    56152.      0.  0.0000E+00  0.0000E+00
56-Ba-153    56153.      0.  9.2645E-19  5.9293E-19
56-Ba-154    56154.      0.  0.0000E+00  0.0000E+00
57-La-133    57133.      0.  0.0000E+00  0.0000E+00
57-La-135    57135.      0.  3.0400E-14  1.9456E-14
57-La-137    57137.      0.  8.0300E-10  5.1392E-10
57-La-138    57138.      0.  3.2600E-08  2.0864E-08
57-La-139    57139.      0.  2.1600E-06  1.3824E-06
57-La-140    57140.      0.  3.6430E-05  2.3315E-05
57-La-141    57141.      0.  5.3900E-04  3.4496E-04
57-La-142    57142.      0.  1.8894E-03  1.2092E-03
57-La-143    57143.      0.  9.9126E-03  6.3441E-03
57-La-144    57144.      0.  1.4058E-02  4.4985E-03
57-La-145    57145.      0.  1.5873E-02  5.0795E-03
57-La-146-M  57146.      1.  1.4407E-03  9.2205E-04
57-La-146    57146.      0.  1.4407E-03  9.2205E-04
57-La-147    57147.      0.  3.3730E-04  2.1587E-04
57-La-148    57148.      0.  1.1960E-05  7.6544E-06
57-La-149    57149.      0.  1.3900E-06  8.8960E-07
57-La-150    57150.      0.  2.7200E-08  1.7408E-08
57-La-151    57151.      0.  6.0176E-10  3.8513E-10
57-La-152    57152.      0.  5.8600E-12  3.7504E-12
57-La-153    57153.      0.  9.9199E-14  6.3487E-14
57-La-154    57154.      0.  0.0000E+00  0.0000E+00
57-La-155    57155.      0.  1.1073E-18  7.0867E-19
58-Ce-135    58135.      0.  0.0000E+00  0.0000E+00
58-Ce-137    58137.      0.  0.0000E+00  0.0000E+00
58-Ce-138    58138.      0.  1.0400E-12  6.6560E-13
58-Ce-139    58139.      0.  5.2200E-11  3.3408E-11
58-Ce-139-M  58139.      1.  1.2800E-10  8.1920E-11
58-Ce-140    58140.      0.  2.3500E-08  1.5040E-08
58-Ce-141    58141.      0.  9.0800E-07  5.8112E-07
58-Ce-142    58142.      0.  2.4150E-05  1.5456E-05
58-Ce-143    58143.      0.  3.0305E-04  1.9395E-04
58-Ce-144    58144.      0.  2.8747E-03  1.8398E-03
58-Ce-145    58145.      0.  6.4133E-03  4.1045E-03
58-Ce-146    58146.      0.  6.6385E-03  4.2486E-03
58-Ce-147    58147.      0.  1.4007E-03  8.9646E-04
58-Ce-148    58148.      0.  2.7059E-04  1.7318E-04
58-Ce-149    58149.      0.  6.1280E-05  3.9219E-05
58-Ce-150    58150.      0.  7.6200E-06  4.8768E-06
58-Ce-151    58151.      0.  3.8000E-07  2.4320E-07
58-Ce-152    58152.      0.  2.5300E-08  1.6192E-08
58-Ce-153    58153.      0.  1.0400E-09  6.6560E-10
58-Ce-154    58154.      0.  3.1600E-11  2.0224E-11
58-Ce-155    58155.      0.  2.6900E-13  1.7216E-13
58-Ce-156    58156.      0.  0.0000E+00  0.0000E+00
58-Ce-157    58157.      0.  0.0000E+00  0.0000E+00
58-Ce-158    58158.      0.  0.0000E+00  0.0000E+00
58-Ce-160    58160.      0.  0.0000E+00  0.0000E+00
59-Pr-139    59139.      0.  0.0000E+00  0.0000E+00
59-Pr-140    59140.      0.  2.9600E-14  1.8944E-14
59-Pr-141    59141.      0.  9.4100E-12  6.0224E-12
59-Pr-142-M  59142.      1.  3.3600E-10  2.1504E-10
59-Pr-142    59142.      0.  3.3600E-10  2.1504E-10
59-Pr-143    59143.      0.  6.7100E-08  4.2944E-08
59-Pr-144    59144.      0.  1.6300E-07  1.0432E-07
59-Pr-144-M  59144.      1.  1.4700E-06  9.4080E-07
59-Pr-145    59145.      0.  2.5930E-05  1.6595E-05
59-Pr-146    59146.      0.  6.1880E-05  3.9603E-05
59-Pr-147    59147.      0.  8.0670E-05  5.1629E-05
59-Pr-148-M  59148.      1.  1.4380E-05  9.2032E-06
59-Pr-148    59148.      0.  1.4380E-05  9.2032E-06
59-Pr-149    59149.      0.  3.4420E-05  2.2029E-05
59-Pr-150    59150.      0.  7.5600E-06  4.8384E-06
59-Pr-151    59151.      0.  2.1200E-06  1.3568E-06
59-Pr-152    59152.      0.  2.7600E-07  1.7664E-07
59-Pr-153    59153.      0.  7.4100E-08  4.7424E-08
59-Pr-154    59154.      0.  4.9900E-09  3.1936E-09
59-Pr-155    59155.      0.  2.9500E-10  1.8880E-10
59-Pr-156    59156.      0.  8.0100E-12  5.1264E-12
59-Pr-157    59157.      0.  1.4200E-13  9.0880E-14
59-Pr-158    59158.      0.  0.0000E+00  0.0000E+00
59-Pr-159    59159.      0.  0.0000E+00  0.0000E+00
59-Pr-160    59160.      0.  0.0000E+00  0.0000E+00
60-Nd-140    60140.      0.  0.0000E+00  0.0000E+00
60-Nd-141    60141.      0.  0.0000E+00  0.0000E+00
60-Nd-142    60142.      0.  0.0000E+00  0.0000E+00
60-Nd-143    60143.      0.  1.3800E-12  8.8320E-13
60-Nd-144    60144.      0.  2.7400E-10  1.7536E-10
60-Nd-145    60145.      0.  1.1200E-08  7.1680E-09
60-Nd-146    60146.      0.  2.0900E-07  1.3376E-07
60-Nd-147    60147.      0.  6.6100E-07  4.2304E-07
60-Nd-148    60148.      0.  1.5800E-06  1.0112E-06
60-Nd-149    60149.      0.  3.9300E-06  2.5152E-06
60-Nd-150    60150.      0.  4.9900E-06  3.1936E-06
60-Nd-151    60151.      0.  2.5100E-06  1.6064E-06
60-Nd-152    60152.      0.  1.6700E-06  1.0688E-06
60-Nd-153    60153.      0.  8.0700E-07  5.1648E-07
60-Nd-154    60154.      0.  3.0500E-07  1.9520E-07
60-Nd-155    60155.      0.  3.6300E-08  2.3232E-08
60-Nd-156    60156.      0.  6.6100E-09  4.2304E-09
60-Nd-157    60157.      0.  2.6400E-10  1.6896E-10
60-Nd-158    60158.      0.  1.1600E-11  7.4240E-12
60-Nd-159    60159.      0.  2.5100E-13  1.6064E-13
60-Nd-160    60160.      0.  0.0000E+00  0.0000E+00
60-Nd-161    60161.      0.  0.0000E+00  0.0000E+00
60-Nd-162    60162.      0.  0.0000E+00  0.0000E+00
60-Nd-163    60163.      0.  0.0000E+00  0.0000E+00
60-Nd-164    60164.      0.  0.0000E+00  0.0000E+00
61-Pm-141    61141.      0.  0.0000E+00  0.0000E+00
61-Pm-143    61143.      0.  0.0000E+00  0.0000E+00
61-Pm-144    61144.      0.  0.0000E+00  0.0000E+00
61-Pm-145    61145.      0.  2.8500E-14  1.8240E-14
61-Pm-146    61146.      0.  1.4500E-12  9.2800E-13
61-Pm-147    61147.      0.  3.6200E-11  2.3168E-11
61-Pm-148    61148.      0.  6.2600E-11  4.0064E-11
61-Pm-148-M  61148.      1.  1.4600E-10  9.3440E-11
61-Pm-149    61149.      0.  3.7300E-09  2.3872E-09
61-Pm-150    61150.      0.  1.0900E-08  6.9760E-09
61-Pm-151    61151.      0.  3.5600E-08  2.2784E-08
61-Pm-152-N  61152.      2.  1.5400E-08  9.8560E-09
61-Pm-152    61152.      0.  1.5400E-08  9.8560E-09
61-Pm-152-M  61152.      1.  1.5400E-08  9.8560E-09
61-Pm-153    61153.      0.  1.2500E-07  8.0000E-08
61-Pm-154    61154.      0.  4.0500E-08  2.5920E-08
61-Pm-154-M  61154.      1.  4.0500E-08  2.5920E-08
61-Pm-155    61155.      0.  4.9500E-08  3.1680E-08
61-Pm-156    61156.      0.  1.6600E-08  1.0624E-08
61-Pm-157    61157.      0.  3.8300E-09  2.4512E-09
61-Pm-158    61158.      0.  3.4900E-10  2.2336E-10
61-Pm-159    61159.      0.  5.1600E-11  3.3024E-11
61-Pm-160    61160.      0.  3.2800E-13  2.0992E-13
61-Pm-161    61161.      0.  2.4200E-14  1.5488E-14
61-Pm-162    61162.      0.  0.0000E+00  0.0000E+00
61-Pm-163    61163.      0.  0.0000E+00  0.0000E+00
61-Pm-164    61164.      0.  0.0000E+00  0.0000E+00
61-Pm-165    61165.      0.  0.0000E+00  0.0000E+00
62-Sm-143    62143.      0.  0.0000E+00  0.0000E+00
62-Sm-143-M  62143.      1.  0.0000E+00  0.0000E+00
62-Sm-144    62144.      0.  0.0000E+00  0.0000E+00
62-Sm-145    62145.      0.  0.0000E+00  0.0000E+00
62-Sm-146    62146.      0.  0.0000E+00  0.0000E+00
62-Sm-147    62147.      0.  0.0000E+00  0.0000E+00
62-Sm-148    62148.      0.  0.0000E+00  0.0000E+00
62-Sm-149    62149.      0.  3.4800E-13  2.2272E-13
62-Sm-150    62150.      0.  7.5500E-12  4.8320E-12
62-Sm-151    62151.      0.  6.0000E-11  3.8400E-11
62-Sm-152    62152.      0.  5.3100E-10  3.3984E-10
62-Sm-153    62153.      0.  3.2200E-09  2.0608E-09
62-Sm-154    62154.      0.  1.2800E-08  8.1920E-09
62-Sm-155    62155.      0.  1.4800E-08  9.4720E-09
62-Sm-156    62156.      0.  2.7100E-08  1.7344E-08
62-Sm-157    62157.      0.  1.0700E-08  6.8480E-09
62-Sm-158    62158.      0.  5.0400E-09  3.2256E-09
62-Sm-159    62159.      0.  1.4100E-09  9.0240E-10
62-Sm-160    62160.      0.  5.3600E-11  3.4304E-11
62-Sm-161    62161.      0.  8.6700E-12  5.5488E-12
62-Sm-162    62162.      0.  9.2700E-13  5.9328E-13
62-Sm-163    62163.      0.  3.0900E-14  1.9776E-14
62-Sm-164    62164.      0.  0.0000E+00  0.0000E+00
62-Sm-165    62165.      0.  0.0000E+00  0.0000E+00
62-Sm-166    62166.      0.  0.0000E+00  0.0000E+00
62-Sm-167    62167.      0.  0.0000E+00  0.0000E+00
62-Sm-168    62168.      0.  0.0000E+00  0.0000E+00
62-Sm-170    62170.      0.  0.0000E+00  0.0000E+00
63-Eu-147    63147.      0.  0.0000E+00  0.0000E+00
63-Eu-149    63149.      0.  0.0000E+00  0.0000E+00
63-Eu-151    63151.      0.  0.0000E+00  0.0000E+00
63-Eu-152-N  63152.      2.  0.0000E+00  0.0000E+00
63-Eu-152    63152.      0.  0.0000E+00  0.0000E+00
63-Eu-152-M  63152.      1.  0.0000E+00  0.0000E+00
63-Eu-153    63153.      0.  5.9300E-13  3.7952E-13
63-Eu-154-M  63154.      1.  2.7200E-12  1.7408E-12
63-Eu-154    63154.      0.  2.7200E-12  1.7408E-12
63-Eu-155    63155.      0.  4.2300E-11  2.7072E-11
63-Eu-156    63156.      0.  1.7000E-10  1.0880E-10
63-Eu-157    63157.      0.  3.9800E-10  2.5472E-10
63-Eu-158    63158.      0.  3.4500E-10  2.2080E-10
63-Eu-159    63159.      0.  5.1900E-10  3.3216E-10
63-Eu-160    63160.      0.  3.3400E-11  2.1376E-11
63-Eu-161    63161.      0.  2.9600E-11  1.8944E-11
63-Eu-162    63162.      0.  5.9900E-12  3.8336E-12
63-Eu-163    63163.      0.  1.2300E-12  7.8720E-13
63-Eu-164    63164.      0.  1.3500E-13  8.6400E-14
63-Eu-165    63165.      0.  2.0600E-14  1.3184E-14
63-Eu-166    63166.      0.  0.0000E+00  0.0000E+00
63-Eu-167    63167.      0.  0.0000E+00  0.0000E+00
63-Eu-168    63168.      0.  0.0000E+00  0.0000E+00
63-Eu-169    63169.      0.  0.0000E+00  0.0000E+00
63-Eu-170    63170.      0.  0.0000E+00  0.0000E+00
64-Gd-147    64147.      0.  0.0000E+00  0.0000E+00
64-Gd-149    64149.      0.  0.0000E+00  0.0000E+00
64-Gd-151    64151.      0.  0.0000E+00  0.0000E+00
64-Gd-152    64152.      0.  0.0000E+00  0.0000E+00
64-Gd-153    64153.      0.  0.0000E+00  0.0000E+00
64-Gd-154    64154.      0.  0.0000E+00  0.0000E+00
64-Gd-155    64155.      0.  1.2600E-14  8.0640E-15
64-Gd-156    64156.      0.  3.7100E-13  2.3744E-13
64-Gd-157    64157.      0.  1.9800E-12  1.2672E-12
64-Gd-158    64158.      0.  1.1400E-11  7.2960E-12
64-Gd-159    64159.      0.  3.6500E-11  2.3360E-11
64-Gd-160    64160.      0.  1.3600E-11  8.7040E-12
64-Gd-161    64161.      0.  2.2100E-11  1.4144E-11
64-Gd-162    64162.      0.  2.3000E-11  1.4720E-11
64-Gd-163    64163.      0.  8.0800E-12  5.1712E-12
64-Gd-164    64164.      0.  5.0000E-12  3.2000E-12
64-Gd-165    64165.      0.  1.4900E-12  9.5360E-13
64-Gd-166    64166.      0.  2.5200E-13  1.6128E-13
64-Gd-167    64167.      0.  2.3900E-14  1.5296E-14
64-Gd-168    64168.      0.  0.0000E+00  0.0000E+00
64-Gd-169    64169.      0.  0.0000E+00  0.0000E+00
64-Gd-170    64170.      0.  0.0000E+00  0.0000E+00
64-Gd-171    64171.      0.  0.0000E+00  0.0000E+00
64-Gd-172    64172.      0.  0.0000E+00  0.0000E+00
65-Tb-151    65151.      0.  0.0000E+00  0.0000E+00
65-Tb-153    65153.      0.  0.0000E+00  0.0000E+00
65-Tb-155    65155.      0.  0.0000E+00  0.0000E+00
65-Tb-156    65156.      0.  0.0000E+00  0.0000E+00
65-Tb-156-M  65156.      1.  0.0000E+00  0.0000E+00
65-Tb-157    65157.      0.  0.0000E+00  0.0000E+00
65-Tb-158    65158.      0.  0.0000E+00  0.0000E+00
65-Tb-158-M  65158.      1.  0.0000E+00  0.0000E+00
65-Tb-159    65159.      0.  2.0100E-14  1.2864E-14
65-Tb-160    65160.      0.  1.6900E-14  1.0816E-14
65-Tb-161    65161.      0.  1.8400E-13  1.1776E-13
65-Tb-162    65162.      0.  1.9200E-13  1.2288E-13
65-Tb-162-M  65162.      1.  1.9200E-13  1.2288E-13
65-Tb-163    65163.      0.  7.5700E-13  4.8448E-13
65-Tb-164    65164.      0.  8.4200E-13  5.3888E-13
65-Tb-165    65165.      0.  1.2800E-12  8.1920E-13
65-Tb-166    65166.      0.  3.7800E-13  2.4192E-13
65-Tb-167    65167.      0.  2.0800E-13  1.3312E-13
65-Tb-168    65168.      0.  2.8800E-14  1.8432E-14
65-Tb-169    65169.      0.  0.0000E+00  0.0000E+00
65-Tb-170    65170.      0.  0.0000E+00  0.0000E+00
65-Tb-171    65171.      0.  0.0000E+00  0.0000E+00
65-Tb-172    65172.      0.  0.0000E+00  0.0000E+00
66-Dy-155    66155.      0.  0.0000E+00  0.0000E+00
66-Dy-156    66156.      0.  0.0000E+00  0.0000E+00
66-Dy-157    66157.      0.  0.0000E+00  0.0000E+00
66-Dy-158    66158.      0.  0.0000E+00  0.0000E+00
66-Dy-159    66159.      0.  0.0000E+00  0.0000E+00
66-Dy-160    66160.      0.  0.0000E+00  0.0000E+00
66-Dy-161    66161.      0.  0.0000E+00  0.0000E+00
66-Dy-162    66162.      0.  0.0000E+00  0.0000E+00
66-Dy-163    66163.      0.  1.0900E-14  6.9760E-15
66-Dy-164    66164.      0.  7.9000E-14  5.0560E-14
66-Dy-165    66165.      0.  2.0400E-13  1.3056E-13
66-Dy-165-M  66165.      1.  3.0500E-14  1.9520E-14
66-Dy-166    66166.      0.  3.7800E-13  2.4192E-13
66-Dy-167    66167.      0.  3.6600E-13  2.3424E-13
66-Dy-168    66168.      0.  2.6100E-13  1.6704E-13
66-Dy-169    66169.      0.  7.7800E-14  4.9792E-14
66-Dy-170    66170.      0.  4.0300E-14  2.5792E-14
66-Dy-171    66171.      0.  0.0000E+00  0.0000E+00
66-Dy-172    66172.      0.  0.0000E+00  0.0000E+00
67-Ho-159    67159.      0.  0.0000E+00  0.0000E+00
67-Ho-159-M  67159.      1.  0.0000E+00  0.0000E+00
67-Ho-161    67161.      0.  0.0000E+00  0.0000E+00
67-Ho-161-M  67161.      1.  0.0000E+00  0.0000E+00
67-Ho-162    67162.      0.  0.0000E+00  0.0000E+00
67-Ho-162-M  67162.      1.  0.0000E+00  0.0000E+00
67-Ho-163    67163.      0.  0.0000E+00  0.0000E+00
67-Ho-163-M  67163.      1.  0.0000E+00  0.0000E+00
67-Ho-164    67164.      0.  0.0000E+00  0.0000E+00
67-Ho-164-M  67164.      1.  0.0000E+00  0.0000E+00
67-Ho-165    67165.      0.  0.0000E+00  0.0000E+00
67-Ho-166    67166.      0.  0.0000E+00  0.0000E+00
67-Ho-166-M  67166.      1.  0.0000E+00  0.0000E+00
67-Ho-167    67167.      0.  0.0000E+00  0.0000E+00
67-Ho-168    67168.      0.  1.1100E-14  7.1040E-15
67-Ho-169    67169.      0.  1.7600E-14  1.1264E-14
67-Ho-170    67170.      0.  0.0000E+00  0.0000E+00
67-Ho-170-M  67170.      1.  0.0000E+00  0.0000E+00
67-Ho-171    67171.      0.  1.5500E-14  9.9200E-15
67-Ho-172    67172.      0.  0.0000E+00  0.0000E+00
68-Er-161    68161.      0.  0.0000E+00  0.0000E+00
68-Er-162    68162.      0.  0.0000E+00  0.0000E+00
68-Er-163    68163.      0.  0.0000E+00  0.0000E+00
68-Er-164    68164.      0.  0.0000E+00  0.0000E+00
68-Er-165    68165.      0.  0.0000E+00  0.0000E+00
68-Er-166    68166.      0.  0.0000E+00  0.0000E+00
68-Er-167    68167.      0.  0.0000E+00  0.0000E+00
68-Er-167-M  68167.      1.  0.0000E+00  0.0000E+00
68-Er-168    68168.      0.  0.0000E+00  0.0000E+00
68-Er-169    68169.      0.  0.0000E+00  0.0000E+00
68-Er-170    68170.      0.  0.0000E+00  0.0000E+00
68-Er-171    68171.      0.  0.0000E+00  0.0000E+00
68-Er-172    68172.      0.  0.0000E+00  0.0000E+00
69-Tm-165    69165.      0.  0.0000E+00  0.0000E+00
69-Tm-166    69166.      0.  0.0000E+00  0.0000E+00
69-Tm-167    69167.      0.  0.0000E+00  0.0000E+00
69-Tm-168    69168.      0.  0.0000E+00  0.0000E+00
69-Tm-169    69169.      0.  0.0000E+00  0.0000E+00
69-Tm-170    69170.      0.  0.0000E+00  0.0000E+00
69-Tm-171    69171.      0.  0.0000E+00  0.0000E+00
69-Tm-172    69172.      0.  0.0000E+00  0.0000E+00
70-Yb-166    70166.      0.  0.0000E+00  0.0000E+00
70-Yb-167    70167.      0.  0.0000E+00  0.0000E+00
70-Yb-168    70168.      0.  0.0000E+00  0.0000E+00
70-Yb-169    70169.      0.  0.0000E+00  0.0000E+00
70-Yb-169-M  70169.      1.  0.0000E+00  0.0000E+00
70-Yb-170    70170.      0.  0.0000E+00  0.0000E+00
70-Yb-171    70171.      0.  0.0000E+00  0.0000E+00
70-Yb-172    70172.      0.  0.0000E+00  0.0000E+00
71-Lu-169    71169.      0.  0.0000E+00  0.0000E+00
71-Lu-169-M  71169.      1.  0.0000E+00  0.0000E+00
71-Lu-171    71171.      0.  0.0000E+00  0.0000E+00
71-Lu-171-M  71171.      1.  0.0000E+00  0.0000E+00
71-Lu-172    71172.      0.  0.0000E+00  0.0000E+00
71-Lu-172-M  71172.      1.  0.0000E+00  0.0000E+00
72-Hf-171    72171.      0.  0.0000E+00  0.0000E+00
72-Hf-172    72172.      0.  0.0000E+00  0.0000E+00